131 131
0.0038174 0.0047325 0.0050631 0.0047685 0.0038856 0.002522 0.0008404 -0.0009624 -0.0026801 -0.0041211 -0.0051289 -0.0055987 -0.0054856 -0.0048073 -0.0036382 -0.0020995 -0.0003441 0.0014603 0.0031482 0.0045717 0.0056128 0.0061922 0.0062733 0.0058621 0.0050032 0.0037732 0.0022718 0.0006119 -0.0010902 -0.0027234 -0.0041897 -0.0054092 -0.0063239 -0.0068988 -0.0071217 -0.007001 -0.0065626 -0.0058464 -0.0049015 -0.0037826 -0.0025461 -0.0012466 6.56e-05 0.0013463 0.002559 0.0036749 0.0046738 0.0055429 0.0062764 0.0068747 0.0073431 0.0076907 0.0079296 0.0080736 0.0081375 0.0081365 0.0080853 0.007998 0.0078876 0.0077657 0.0076424 0.0075267 0.0074255 0.0073448 0.0072886 0.0072598 0.0072598 0.0072886 0.0073448 0.0074255 0.0075267 0.0076424 0.0077657 0.0078876 0.007998 0.0080853 0.0081365 0.0081375 0.0080736 0.0079296 0.0076907 0.0073431 0.0068747 0.0062764 0.0055429 0.0046738 0.0036749 0.002559 0.0013463 6.56e-05 -0.0012466 -0.0025461 -0.0037826 -0.0049015 -0.0058464 -0.0065626 -0.007001 -0.0071217 -0.0068988 -0.0063239 -0.0054092 -0.0041897 -0.0027234 -0.0010902 0.0006119 0.0022718 0.0037732 0.0050032 0.0058621 0.0062733 0.0061922 0.0056128 0.0045717 0.0031482 0.0014603 -0.0003441 -0.0020995 -0.0036382 -0.0048073 -0.0054856 -0.0055987 -0.0051289 -0.0041211 -0.0026801 -0.0009624 0.0008404 0.002522 0.0038856 0.0047685 0.0050631 0.0047325 
0.0047325 0.0050633 0.0047489 0.0038291 0.0024185 0.0006906 -0.001146 -0.0028741 -0.0042933 -0.0052437 -0.0056219 -0.0053905 -0.0045791 -0.0032781 -0.0016262 0.000207 0.0020397 0.003697 0.0050271 0.0059152 0.0062912 0.0061332 0.0054664 0.0043567 0.0029025 0.0012236 -0.0005502 -0.0022904 -0.0038793 -0.0052182 -0.0062322 -0.0068736 -0.0071217 -0.0069816 -0.0064806 -0.005664 -0.0045897 -0.0033235 -0.0019334 -0.0004863 0.0009563 0.0023409 0.0036231 0.0047693 0.0057561 0.0065702 0.0072072 0.0076704 0.0079696 0.008119 0.0081365 0.0080416 0.0078552 0.0075976 0.0072886 0.0069466 0.0065884 0.0062288 0.0058806 0.0055548 0.0052605 0.005005 0.0047941 0.0046323 0.0045227 0.0044674 0.0044674 0.0045227 0.0046323 0.0047941 0.005005 0.0052605 0.0055548 0.0058806 0.0062288 0.0065884 0.0069466 0.0072886 0.0075976 0.0078552 0.0080416 0.0081365 0.008119 0.0079696 0.0076704 0.0072072 0.0065702 0.0057561 0.0047693 0.0036231 0.0023409 0.0009563 -0.0004863 -0.0019334 -0.0033235 -0.0045897 -0.005664 -0.0064806 -0.0069816 -0.0071217 -0.0068736 -0.0062322 -0.0052182 -0.0038793 -0.0022904 -0.0005502 0.0012236 0.0029025 0.0043567 0.0054664 0.0061332 0.0062912 0.0059152 0.0050271 0.003697 0.0020397 0.000207 -0.0016262 -0.0032781 -0.0045791 -0.0053905 -0.0056219 -0.0052437 -0.0042933 -0.0028741 -0.001146 0.0006906 0.0024185 0.0038291 0.0047489 0.0050633 
0.0050631 0.0047489 0.00381 0.0023662 0.0006003 -0.0012681 -0.0030101 -0.0044168 -0.0053231 -0.0056262 -0.0052946 -0.0043691 -0.0029551 -0.0012077 0.0006874 0.0025348 0.0041508 0.0053812 0.0061149 0.0062919 0.0059065 0.0050032 0.0036699 0.0020265 0.0002123 -0.0016276 -0.0033547 -0.0048476 -0.0060098 -0.0067753 -0.0071097 -0.0070101 -0.0065016 -0.0056325 -0.0044684 -0.0030859 -0.0015662 1.02e-05 0.0015687 0.0030439 0.0043822 0.0055429 0.0064987 0.0072351 0.007749 0.0080472 0.0081442 0.0080606 0.0078208 0.0074515 0.00698 0.0064329 0.0058353 0.0052101 0.0045777 0.0039554 0.0033578 0.0027969 0.0022821 0.0018206 0.001418 0.0010782 0.0008039 0.0005968 0.0004583 0.0003889 0.0003889 0.0004583 0.0005968 0.0008039 0.0010782 0.001418 0.0018206 0.0022821 0.0027969 0.0033578 0.0039554 0.0045777 0.0052101 0.0058353 0.0064329 0.00698 0.0074515 0.0078208 0.0080606 0.0081442 0.0080472 0.007749 0.0072351 0.0064987 0.0055429 0.0043822 0.0030439 0.0015687 1.02e-05 -0.0015662 -0.0030859 -0.0044684 -0.0056325 -0.0065016 -0.0070101 -0.0071097 -0.0067753 -0.0060098 -0.0048476 -0.0033547 -0.0016276 0.0002123 0.0020265 0.0036699 0.0050032 0.0059065 0.0062919 0.0061149 0.0053812 0.0041508 0.0025348 0.0006874 -0.0012077 -0.0029551 -0.0043691 -0.0052946 -0.0056262 -0.0053231 -0.0044168 -0.0030101 -0.0012681 0.0006003 0.0023662 0.00381 0.0047489 
0.0047685 0.0038291 0.0023662 0.0005701 -0.0013289 -0.0030907 -0.0044963 -0.0053744 -0.005621 -0.0052089 -0.0041886 -0.0026792 -0.0008515 0.0010933 0.0029471 0.0045176 0.0056484 0.0062326 0.0062211 0.0056244 0.0045071 0.0029787 0.0011804 -0.0007302 -0.0025944 -0.0042657 -0.0056215 -0.0065712 -0.0070601 -0.0070708 -0.0066205 -0.0057566 -0.0045495 -0.0030859 -0.0014601 0.0002322 0.001901 0.0034669 0.004864 0.0060426 0.0069698 0.0076286 0.0080166 0.0081442 0.0080315 0.0077062 0.0072008 0.0065502 0.0057895 0.0049528 0.0040714 0.0031731 0.0022821 0.001418 0.0005968 -0.0001696 -0.0008726 -0.0015067 -0.0020686 -0.002557 -0.002972 -0.0033144 -0.0035856 -0.0037874 -0.003921 -0.0039875 -0.0039875 -0.003921 -0.0037874 -0.0035856 -0.0033144 -0.002972 -0.002557 -0.0020686 -0.0015067 -0.0008726 -0.0001696 0.0005968 0.001418 0.0022821 0.0031731 0.0040714 0.0049528 0.0057895 0.0065502 0.0072008 0.0077062 0.0080315 0.0081442 0.0080166 0.0076286 0.0069698 0.0060426 0.004864 0.0034669 0.001901 0.0002322 -0.0014601 -0.0030859 -0.0045495 -0.0057566 -0.0066205 -0.0070708 -0.0070601 -0.0065712 -0.0056215 -0.0042657 -0.0025944 -0.0007302 0.0011804 0.0029787 0.0045071 0.0056244 0.0062211 0.0062326 0.0056484 0.0045176 0.0029471 0.0010933 -0.0008515 -0.0026792 -0.0041886 -0.0052089 -0.005621 -0.0053744 -0.0044963 -0.0030907 -0.0013289 0.0005701 0.0023662 0.0038291 
0.0038856 0.0024185 0.0006003 -0.0013289 -0.0031174 -0.0045352 -0.005403 -0.0056134 -0.0051417 -0.0040462 -0.002458 -0.0005626 0.0014238 0.0032803 0.0048065 0.0058435 0.0062886 0.0061037 0.0053152 0.0040077 0.0023123 0.0003904 -0.001583 -0.0034369 -0.0050192 -0.0062086 -0.0069227 -0.0071213 -0.0068063 -0.0060173 -0.0048252 -0.0033235 -0.0016191 0.0001766 0.0019562 0.0036231 0.0050965 0.0063143 0.0072351 0.0078376 0.008119 0.0080926 0.0077845 0.0072305 0.0064724 0.0055548 0.0045227 0.0034188 0.0022821 0.0011465 4.04e-05 -0.0010135 -0.0019986 -0.0029031 -0.0037203 -0.0044473 -0.0050845 -0.0056347 -0.0061024 -0.0064934 -0.0068138 -0.0070696 -0.0072666 -0.0074098 -0.0075029 -0.0075488 -0.0075488 -0.0075029 -0.0074098 -0.0072666 -0.0070696 -0.0068138 -0.0064934 -0.0061024 -0.0056347 -0.0050845 -0.0044473 -0.0037203 -0.0029031 -0.0019986 -0.0010135 4.04e-05 0.0011465 0.0022821 0.0034188 0.0045227 0.0055548 0.0064724 0.0072305 0.0077845 0.0080926 0.008119 0.0078376 0.0072351 0.0063143 0.0050965 0.0036231 0.0019562 0.0001766 -0.0016191 -0.0033235 -0.0048252 -0.0060173 -0.0068063 -0.0071213 -0.0069227 -0.0062086 -0.0050192 -0.0034369 -0.001583 0.0003904 0.0023123 0.0040077 0.0053152 0.0061037 0.0062886 0.0058435 0.0048065 0.0032803 0.0014238 -0.0005626 -0.002458 -0.0040462 -0.0051417 -0.0056134 -0.005403 -0.0045352 -0.0031174 -0.0013289 0.0006003 0.0024185 
0.002522 0.0006906 -0.0012681 -0.0030907 -0.0045352 -0.0054122 -0.0056085 -0.0050991 -0.003948 -0.0022966 -0.0003441 0.001679 0.0035391 0.0050271 0.0059811 0.0063021 0.005962 0.0050032 0.0035296 0.001693 -0.0003253 -0.002334 -0.0041515 -0.0056215 -0.0066264 -0.007094 -0.007001 -0.0063704 -0.0052658 -0.0037826 -0.0020371 -0.0001558 0.0017351 0.0035191 0.0050965 0.006389 0.0073431 0.0079296 0.0081429 0.007998 0.0075267 0.0067731 0.0057895 0.0046323 0.0033578 0.0020195 0.000666 -0.0006613 -0.0019284 -0.0031093 -0.0041858 -0.0051468 -0.0059875 -0.0067085 -0.0073148 -0.0078142 -0.0082171 -0.008535 -0.00878 -0.008964 -0.0090985 -0.0091938 -0.0092588 -0.0093008 -0.0093257 -0.0093372 -0.0093372 -0.0093257 -0.0093008 -0.0092588 -0.0091938 -0.0090985 -0.008964 -0.00878 -0.008535 -0.0082171 -0.0078142 -0.0073148 -0.0067085 -0.0059875 -0.0051468 -0.0041858 -0.0031093 -0.0019284 -0.0006613 0.000666 0.0020195 0.0033578 0.0046323 0.0057895 0.0067731 0.0075267 0.007998 0.0081429 0.0079296 0.0073431 0.006389 0.0050965 0.0035191 0.0017351 -0.0001558 -0.0020371 -0.0037826 -0.0052658 -0.0063704 -0.007001 -0.007094 -0.0066264 -0.0056215 -0.0041515 -0.002334 -0.0003253 0.001693 0.0035296 0.0050032 0.005962 0.0063021 0.0059811 0.0050271 0.0035391 0.001679 -0.0003441 -0.0022966 -0.003948 -0.0050991 -0.0056085 -0.0054122 -0.0045352 -0.0030907 -0.0012681 0.0006906 
0.0008404 -0.001146 -0.0030101 -0.0044963 -0.005403 -0.0056085 -0.0050845 -0.0038979 -0.0021985 -0.0001977 0.00186 0.0037282 0.0051882 0.0060741 0.0062895 0.0058154 0.0047086 0.0030919 0.0011371 -0.0009553 -0.0029789 -0.0047422 -0.0060864 -0.0068988 -0.0071196 -0.0067436 -0.0058168 -0.0044274 -0.0026955 -0.0007598 0.001235 0.0031504 0.004864 0.0062764 0.0073167 0.0079434 0.0081441 0.0079326 0.0073448 0.0064329 0.0052605 0.0038969 0.0024121 0.0008726 -0.0006613 -0.0021386 -0.0035181 -0.004769 -0.0058712 -0.0068138 -0.0075942 -0.0082171 -0.0086924 -0.009034 -0.0092588 -0.0093848 -0.0094309 -0.0094152 -0.0093554 -0.0092672 -0.0091651 -0.0090611 -0.0089657 -0.008887 -0.0088312 -0.0088023 -0.0088023 -0.0088312 -0.008887 -0.0089657 -0.0090611 -0.0091651 -0.0092672 -0.0093554 -0.0094152 -0.0094309 -0.0093848 -0.0092588 -0.009034 -0.0086924 -0.0082171 -0.0075942 -0.0068138 -0.0058712 -0.004769 -0.0035181 -0.0021386 -0.0006613 0.0008726 0.0024121 0.0038969 0.0052605 0.0064329 0.0073448 0.0079326 0.0081441 0.0079434 0.0073167 0.0062764 0.004864 0.0031504 0.001235 -0.0007598 -0.0026955 -0.0044274 -0.0058168 -0.0067436 -0.0071196 -0.0068988 -0.0060864 -0.0047422 -0.0029789 -0.0009553 0.0011371 0.0030919 0.0047086 0.0058154 0.0062895 0.0060741 0.0051882 0.0037282 0.00186 -0.0001977 -0.0021985 -0.0038979 -0.0050845 -0.0056085 -0.005403 -0.0044963 -0.0030101 -0.001146 
-0.0009624 -0.0028741 -0.0044168 -0.0053744 -0.0056134 -0.0050991 -0.0038979 -0.0021656 -0.0001243 0.001968 0.0038516 0.0052974 0.0061338 0.006265 0.0056795 0.0044476 0.0027093 0.000656 -0.0014937 -0.0035186 -0.0052182 -0.0064321 -0.0070533 -0.0070355 -0.0063931 -0.0051953 -0.0035558 -0.0016191 0.0004547 0.0025046 0.0043822 0.0059623 0.0071501 0.0078856 0.0081438 0.0079326 0.0072886 0.0062705 0.0049528 0.0034188 0.001754 4.04e-05 -0.0016474 -0.0032462 -0.0047052 -0.0059875 -0.0070696 -0.0079404 -0.0085996 -0.0090561 -0.0093257 -0.0094292 -0.0093908 -0.0092359 -0.0089906 -0.0086798 -0.008327 -0.0079535 -0.0075781 -0.0072172 -0.0068844 -0.0065911 -0.0063464 -0.006157 -0.0060281 -0.0059628 -0.0059628 -0.0060281 -0.006157 -0.0063464 -0.0065911 -0.0068844 -0.0072172 -0.0075781 -0.0079535 -0.008327 -0.0086798 -0.0089906 -0.0092359 -0.0093908 -0.0094292 -0.0093257 -0.0090561 -0.0085996 -0.0079404 -0.0070696 -0.0059875 -0.0047052 -0.0032462 -0.0016474 4.04e-05 0.001754 0.0034188 0.0049528 0.0062705 0.0072886 0.0079326 0.0081438 0.0078856 0.0071501 0.0059623 0.0043822 0.0025046 0.0004547 -0.0016191 -0.0035558 -0.0051953 -0.0063931 -0.0070355 -0.0070533 -0.0064321 -0.0052182 -0.0035186 -0.0014937 0.000656 0.0027093 0.0044476 0.0056795 0.006265 0.0061338 0.0052974 0.0038516 0.001968 -0.0001243 -0.0021656 -0.0038979 -0.0050991 -0.0056134 -0.0053744 -0.0044168 -0.0028741 
-0.0026801 -0.0042933 -0.0053231 -0.005621 -0.0051417 -0.003948 -0.0021985 -0.0001243 0.0020039 0.0039126 0.0053606 0.0061687 0.0062396 0.005567 0.0042326 0.0023928 0.0002569 -0.0019385 -0.0039579 -0.0055919 -0.0066788 -0.0071179 -0.0068768 -0.0059896 -0.0045495 -0.0026955 -0.000596 0.0015687 0.0036231 0.0054117 0.0068095 0.00773 0.0081278 0.007998 0.0073721 0.0063117 0.0049003 0.0032349 0.001418 -0.0004503 -0.0022784 -0.0039875 -0.0055145 -0.0068138 -0.0078568 -0.0086311 -0.0091385 -0.0093924 -0.0094152 -0.0092359 -0.008887 -0.0084029 -0.0078174 -0.0071632 -0.0064699 -0.0057639 -0.0050681 -0.0044017 -0.0037802 -0.0032162 -0.0027193 -0.0022966 -0.0019533 -0.0016932 -0.0015185 -0.0014309 -0.0014309 -0.0015185 -0.0016932 -0.0019533 -0.0022966 -0.0027193 -0.0032162 -0.0037802 -0.0044017 -0.0050681 -0.0057639 -0.0064699 -0.0071632 -0.0078174 -0.0084029 -0.008887 -0.0092359 -0.0094152 -0.0093924 -0.0091385 -0.0086311 -0.0078568 -0.0068138 -0.0055145 -0.0039875 -0.0022784 -0.0004503 0.001418 0.0032349 0.0049003 0.0063117 0.0073721 0.007998 0.0081278 0.00773 0.0068095 0.0054117 0.0036231 0.0015687 -0.000596 -0.0026955 -0.0045495 -0.0059896 -0.0068768 -0.0071179 -0.0066788 -0.0055919 -0.0039579 -0.0019385 0.0002569 0.0023928 0.0042326 0.005567 0.0062396 0.0061687 0.0053606 0.0039126 0.0020039 -0.0001243 -0.0021985 -0.003948 -0.0051417 -0.005621 -0.0053231 -0.0042933 
-0.0041211 -0.0052437 -0.0056262 -0.0052089 -0.0040462 -0.0022966 -0.0001977 0.001968 0.0039126 0.0053812 0.0061846 0.0062211 0.005487 0.004073 0.0021497 -5.59e-05 -0.0022904 -0.0043034 -0.0058769 -0.0068471 -0.0071196 -0.0066754 -0.0055686 -0.0039159 -0.0018814 0.0003434 0.002559 0.0045774 0.0062382 0.0074199 0.0080472 0.0080926 0.0075744 0.0065502 0.0051083 0.0033578 0.001418 -0.000591 -0.002557 -0.0043823 -0.0059875 -0.0073148 -0.0083279 -0.0090113 -0.0093677 -0.0094152 -0.0091838 -0.0087114 -0.008041 -0.0072172 -0.0062838 -0.005282 -0.0042488 -0.0032162 -0.0022112 -0.0012549 -0.0003639 0.00045 0.0011787 0.0018175 0.0023638 0.0028171 0.0031777 0.0034467 0.0036252 0.0037142 0.0037142 0.0036252 0.0034467 0.0031777 0.0028171 0.0023638 0.0018175 0.0011787 0.00045 -0.0003639 -0.0012549 -0.0022112 -0.0032162 -0.0042488 -0.005282 -0.0062838 -0.0072172 -0.008041 -0.0087114 -0.0091838 -0.0094152 -0.0093677 -0.0090113 -0.0083279 -0.0073148 -0.0059875 -0.0043823 -0.002557 -0.000591 0.001418 0.0033578 0.0051083 0.0065502 0.0075744 0.0080926 0.0080472 0.0074199 0.0062382 0.0045774 0.002559 0.0003434 -0.0018814 -0.0039159 -0.0055686 -0.0066754 -0.0071196 -0.0068471 -0.0058769 -0.0043034 -0.0022904 -5.59e-05 0.0021497 0.004073 0.005487 0.0062211 0.0061846 0.0053812 0.0039126 0.001968 -0.0001977 -0.0022966 -0.0040462 -0.0052089 -0.0056262 -0.0052437 
-0.0051289 -0.0056219 -0.0052946 -0.0041886 -0.002458 -0.0003441 0.00186 0.0038516 0.0053606 0.0061846 0.0062145 0.0054455 0.0039748 0.0019852 -0.0002803 -0.0025512 -0.0045626 -0.0060864 -0.0069561 -0.0070824 -0.0064592 -0.0051596 -0.0033235 -0.0011391 0.0011793 0.0034145 0.0053674 0.0068747 0.0078208 0.0081442 0.0078382 0.0069466 0.0055548 0.0037791 0.001754 -0.0003801 -0.0024875 -0.0044473 -0.0061594 -0.0075488 -0.0085676 -0.0091938 -0.0094292 -0.0092958 -0.0088312 -0.0080838 -0.0071086 -0.0059628 -0.0047023 -0.0033792 -0.0020395 -0.0007224 0.0005409 0.0017263 0.0028171 0.003803 0.004679 0.0054444 0.0061019 0.0066564 0.0071142 0.0074823 0.0077672 0.0079752 0.0081109 0.0081779 0.0081779 0.0081109 0.0079752 0.0077672 0.0074823 0.0071142 0.0066564 0.0061019 0.0054444 0.004679 0.003803 0.0028171 0.0017263 0.0005409 -0.0007224 -0.0020395 -0.0033792 -0.0047023 -0.0059628 -0.0071086 -0.0080838 -0.0088312 -0.0092958 -0.0094292 -0.0091938 -0.0085676 -0.0075488 -0.0061594 -0.0044473 -0.0024875 -0.0003801 0.001754 0.0037791 0.0055548 0.0069466 0.0078382 0.0081442 0.0078208 0.0068747 0.0053674 0.0034145 0.0011793 -0.0011391 -0.0033235 -0.0051596 -0.0064592 -0.0070824 -0.0069561 -0.0060864 -0.0045626 -0.0025512 -0.0002803 0.0019852 0.0039748 0.0054455 0.0062145 0.0061846 0.0053606 0.0038516 0.00186 -0.0003441 -0.002458 -0.0041886 -0.0052946 -0.0056219 
-0.0055987 -0.0053905 -0.0043691 -0.0026792 -0.0005626 0.001679 0.0037282 0.0052974 0.0061687 0.0062211 0.0054455 0.0039417 0.0019023 -0.0004152 -0.0027234 -0.0047422 -0.0062322 -0.0070226 -0.0070274 -0.0062517 -0.0047866 -0.0027942 -0.0004863 0.001901 0.0041337 0.0060026 0.0073431 0.0080472 0.0080693 0.0074255 0.0061867 0.0044674 0.0024121 0.00018 -0.0020686 -0.0041858 -0.0060451 -0.0075488 -0.0086311 -0.0092588 -0.0094289 -0.0091651 -0.0085117 -0.0075284 -0.0062838 -0.00485 -0.0032979 -0.0016932 -9.36e-05 0.0014525 0.0029075 0.0042439 0.0054444 0.0065001 0.0074097 0.0081779 0.0088137 0.0093295 0.0097393 0.0100578 0.0102995 0.010478 0.0106054 0.0106918 0.0107449 0.0107702 0.0107702 0.0107449 0.0106918 0.0106054 0.010478 0.0102995 0.0100578 0.0097393 0.0093295 0.0088137 0.0081779 0.0074097 0.0065001 0.0054444 0.0042439 0.0029075 0.0014525 -9.36e-05 -0.0016932 -0.0032979 -0.00485 -0.0062838 -0.0075284 -0.0085117 -0.0091651 -0.0094289 -0.0092588 -0.0086311 -0.0075488 -0.0060451 -0.0041858 -0.0020686 0.00018 0.0024121 0.0044674 0.0061867 0.0074255 0.0080693 0.0080472 0.0073431 0.0060026 0.0041337 0.001901 -0.0004863 -0.0027942 -0.0047866 -0.0062517 -0.0070274 -0.0070226 -0.0062322 -0.0047422 -0.0027234 -0.0004152 0.0019023 0.0039417 0.0054455 0.0062211 0.0061687 0.0052974 0.0037282 0.001679 -0.0005626 -0.0026792 -0.0043691 -0.0053905 
-0.0054856 -0.0045791 -0.0029551 -0.0008515 0.0014238 0.0035391 0.0051882 0.0061338 0.0062396 0.005487 0.0039748 0.0019023 -0.0004602 -0.002809 -0.0048476 -0.0063239 -0.0070601 -0.0069713 -0.0060717 -0.0044684 -0.0023444 6.56e-05 0.0025046 0.0047217 0.0064987 0.0076704 0.0081375 0.0078716 0.0069128 0.0053601 0.0033578 0.0010782 -0.0012954 -0.0035856 -0.0056347 -0.0073148 -0.008535 -0.0092435 -0.0094265 -0.0091047 -0.008327 -0.0071632 -0.0056965 -0.0040163 -0.0022112 -0.0003639 0.0014525 0.0031777 0.0047652 0.0061823 0.0074097 0.0084398 0.009275 0.009926 0.0104091 0.0107449 0.0109563 0.0110668 0.0110997 0.0110772 0.0110192 0.0109435 0.0108648 0.0107953 0.0107439 0.0107167 0.0107167 0.0107439 0.0107953 0.0108648 0.0109435 0.0110192 0.0110772 0.0110997 0.0110668 0.0109563 0.0107449 0.0104091 0.009926 0.009275 0.0084398 0.0074097 0.0061823 0.0047652 0.0031777 0.0014525 -0.0003639 -0.0022112 -0.0040163 -0.0056965 -0.0071632 -0.008327 -0.0091047 -0.0094265 -0.0092435 -0.008535 -0.0073148 -0.0056347 -0.0035856 -0.0012954 0.0010782 0.0033578 0.0053601 0.0069128 0.0078716 0.0081375 0.0076704 0.0064987 0.0047217 0.0025046 6.56e-05 -0.0023444 -0.0044684 -0.0060717 -0.0069713 -0.0070601 -0.0063239 -0.0048476 -0.002809 -0.0004602 0.0019023 0.0039748 0.005487 0.0062396 0.0061338 0.0051882 0.0035391 0.0014238 -0.0008515 -0.0029551 -0.0045791 
-0.0048073 -0.0032781 -0.0012077 0.0010933 0.0032803 0.0050271 0.0060741 0.006265 0.005567 0.004073 0.0019852 -0.0004152 -0.002809 -0.0048823 -0.006368 -0.0070786 -0.0069269 -0.0059333 -0.0042187 -0.0019853 0.0005104 0.0029905 0.0051878 0.0068747 0.0078856 0.0081301 0.0075976 0.0063525 0.0045227 0.0022821 -0.0001696 -0.0026265 -0.004896 -0.0068138 -0.0082546 -0.0091385 -0.0094321 -0.0091456 -0.008327 -0.0070535 -0.0054221 -0.0035407 -0.0015185 0.0005409 0.0025454 0.0044187 0.0061019 0.0075543 0.008753 0.0096907 0.0103734 0.0108179 0.0110489 0.011096 0.0109919 0.0107701 0.0104631 0.0101016 0.0097133 0.009323 0.0089516 0.0086167 0.0083326 0.0081103 0.0079577 0.0078802 0.0078802 0.0079577 0.0081103 0.0083326 0.0086167 0.0089516 0.009323 0.0097133 0.0101016 0.0104631 0.0107701 0.0109919 0.011096 0.0110489 0.0108179 0.0103734 0.0096907 0.008753 0.0075543 0.0061019 0.0044187 0.0025454 0.0005409 -0.0015185 -0.0035407 -0.0054221 -0.0070535 -0.008327 -0.0091456 -0.0094321 -0.0091385 -0.0082546 -0.0068138 -0.004896 -0.0026265 -0.0001696 0.0022821 0.0045227 0.0063525 0.0075976 0.0081301 0.0078856 0.0068747 0.0051878 0.0029905 0.0005104 -0.0019853 -0.0042187 -0.0059333 -0.0069269 -0.0070786 -0.006368 -0.0048823 -0.002809 -0.0004152 0.0019852 0.004073 0.005567 0.006265 0.0060741 0.0050271 0.0032803 0.0010933 -0.0012077 -0.0032781 
-0.0036382 -0.0016262 0.0006874 0.0029471 0.0048065 0.0059811 0.0062895 0.0056795 0.0042326 0.0021497 -0.0002803 -0.0027234 -0.0048476 -0.006368 -0.007084 -0.0069025 -0.0058464 -0.0040471 -0.0017244 0.0008448 0.0033619 0.0055429 0.0071501 0.0080166 0.0080606 0.0072886 0.0057895 0.0037198 0.0012825 -0.0012954 -0.0037874 -0.0059875 -0.0077277 -0.0088887 -0.0094056 -0.0092672 -0.0085117 -0.0072172 -0.0054915 -0.0034601 -0.0012549 0.0009963 0.0031777 0.005192 0.0069635 0.0084398 0.0095912 0.0104091 0.0109025 0.0110947 0.0110192 0.0107167 0.010231 0.0096066 0.0088864 0.0081103 0.0073137 0.0065275 0.0057775 0.0050848 0.0044661 0.0039343 0.0034991 0.0031674 0.0029439 0.0028315 0.0028315 0.0029439 0.0031674 0.0034991 0.0039343 0.0044661 0.0050848 0.0057775 0.0065275 0.0073137 0.0081103 0.0088864 0.0096066 0.010231 0.0107167 0.0110192 0.0110947 0.0109025 0.0104091 0.0095912 0.0084398 0.0069635 0.005192 0.0031777 0.0009963 -0.0012549 -0.0034601 -0.0054915 -0.0072172 -0.0085117 -0.0092672 -0.0094056 -0.0088887 -0.0077277 -0.0059875 -0.0037874 -0.0012954 0.0012825 0.0037198 0.0057895 0.0072886 0.0080606 0.0080166 0.0071501 0.0055429 0.0033619 0.0008448 -0.0017244 -0.0040471 -0.0058464 -0.0069025 -0.007084 -0.006368 -0.0048476 -0.0027234 -0.0002803 0.0021497 0.0042326 0.0056795 0.0062895 0.0059811 0.0048065 0.0029471 0.0006874 -0.0016262 
-0.0020995 0.000207 0.0025348 0.0045176 0.0058435 0.0063021 0.0058154 0.0044476 0.0023928 -5.59e-05 -0.0025512 -0.0047422 -0.0063239 -0.0070786 -0.0069025 -0.0058168 -0.0039599 -0.0015662 0.0010678 0.0036231 0.0057979 0.0073431 0.0080889 0.0079602 0.00698 0.0052605 0.0029861 0.0003889 -0.0022784 -0.004769 -0.0068658 -0.0083991 -0.0092588 -0.0093979 -0.0088312 -0.0076272 -0.005897 -0.0037802 -0.0014309 0.0009963 0.0033572 0.0055278 0.0074097 0.0089332 0.0100578 0.0107702 0.0110808 0.0110192 0.0106291 0.0099633 0.0090791 0.0080344 0.0068847 0.0056805 0.0044661 0.0032785 0.0021478 0.001097 0.0001433 -0.0007019 -0.0014311 -0.0020401 -0.0025271 -0.0028917 -0.0031343 -0.0032554 -0.0032554 -0.0031343 -0.0028917 -0.0025271 -0.0020401 -0.0014311 -0.0007019 0.0001433 0.001097 0.0021478 0.0032785 0.0044661 0.0056805 0.0068847 0.0080344 0.0090791 0.0099633 0.0106291 0.0110192 0.0110808 0.0107702 0.0100578 0.0089332 0.0074097 0.0055278 0.0033572 0.0009963 -0.0014309 -0.0037802 -0.005897 -0.0076272 -0.0088312 -0.0093979 -0.0092588 -0.0083991 -0.0068658 -0.004769 -0.0022784 0.0003889 0.0029861 0.0052605 0.00698 0.0079602 0.0080889 0.0073431 0.0057979 0.0036231 0.0010678 -0.0015662 -0.0039599 -0.0058168 -0.0069025 -0.0070786 -0.0063239 -0.0047422 -0.0025512 -5.59e-05 0.0023928 0.0044476 0.0058154 0.0063021 0.0058435 0.0045176 0.0025348 0.000207 
-0.0003441 0.0020397 0.0041508 0.0056484 0.0062886 0.005962 0.0047086 0.0027093 0.0002569 -0.0022904 -0.0045626 -0.0062322 -0.0070601 -0.0069269 -0.0058464 -0.0039599 -0.0015133 0.0011793 0.0037781 0.0059623 0.0074692 0.0081237 0.0078552 0.0067005 0.0047941 0.0023472 -0.0003801 -0.0031093 -0.0055747 -0.0075488 -0.0088624 -0.0094161 -0.0091838 -0.0082083 -0.0065911 -0.0044775 -0.0020395 0.0005409 0.0030878 0.0054444 0.0074823 0.0091072 0.0102612 0.0109214 0.011096 0.0108195 0.0101457 0.0091415 0.0078802 0.0064363 0.004881 0.0032785 0.0016842 0.0001433 -0.0013094 -0.0026487 -0.0038586 -0.0049306 -0.0058623 -0.0066557 -0.0073161 -0.0078504 -0.0082663 -0.0085709 -0.0087703 -0.0088689 -0.0088689 -0.0087703 -0.0085709 -0.0082663 -0.0078504 -0.0073161 -0.0066557 -0.0058623 -0.0049306 -0.0038586 -0.0026487 -0.0013094 0.0001433 0.0016842 0.0032785 0.004881 0.0064363 0.0078802 0.0091415 0.0101457 0.0108195 0.011096 0.0109214 0.0102612 0.0091072 0.0074823 0.0054444 0.0030878 0.0005409 -0.0020395 -0.0044775 -0.0065911 -0.0082083 -0.0091838 -0.0094161 -0.0088624 -0.0075488 -0.0055747 -0.0031093 -0.0003801 0.0023472 0.0047941 0.0067005 0.0078552 0.0081237 0.0074692 0.0059623 0.0037781 0.0011793 -0.0015133 -0.0039599 -0.0058464 -0.0069269 -0.0070601 -0.0062322 -0.0045626 -0.0022904 0.0002569 0.0027093 0.0047086 0.005962 0.0062886 0.0056484 0.0041508 0.0020397 
0.0014603 0.003697 0.0053812 0.0062326 0.0061037 0.0050032 0.0030919 0.000656 -0.0019385 -0.0043034 -0.0060864 -0.0070226 -0.0069713 -0.0059333 -0.0040471 -0.0015662 0.0011793 0.0038294 0.0060426 0.00754 0.0081375 0.0077657 0.0064724 0.0044118 0.0018206 -0.0010135 -0.0037874 -0.0062159 -0.0080621 -0.0091575 -0.0094152 -0.0088312 -0.007478 -0.0054915 -0.0030519 -0.0003639 0.0023638 0.0049368 0.0071889 0.0089919 0.0102612 0.0109563 0.0110772 0.0106593 0.0097653 0.0084764 0.0068847 0.0050848 0.0031674 0.0012151 -0.0007019 -0.0025271 -0.0042183 -0.0057472 -0.0070982 -0.0082663 -0.0092554 -0.0100758 -0.0107423 -0.0112722 -0.011684 -0.0119955 -0.0122231 -0.0123809 -0.0124797 -0.0125272 -0.0125272 -0.0124797 -0.0123809 -0.0122231 -0.0119955 -0.011684 -0.0112722 -0.0107423 -0.0100758 -0.0092554 -0.0082663 -0.0070982 -0.0057472 -0.0042183 -0.0025271 -0.0007019 0.0012151 0.0031674 0.0050848 0.0068847 0.0084764 0.0097653 0.0106593 0.0110772 0.0109563 0.0102612 0.0089919 0.0071889 0.0049368 0.0023638 -0.0003639 -0.0030519 -0.0054915 -0.007478 -0.0088312 -0.0094152 -0.0091575 -0.0080621 -0.0062159 -0.0037874 -0.0010135 0.0018206 0.0044118 0.0064724 0.0077657 0.0081375 0.00754 0.0060426 0.0038294 0.0011793 -0.0015662 -0.0040471 -0.0059333 -0.0069713 -0.0070226 -0.0060864 -0.0043034 -0.0019385 0.000656 0.0030919 0.0050032 0.0061037 0.0062326 0.0053812 0.003697 
0.0031482 0.0050271 0.0061149 0.0062211 0.0053152 0.0035296 0.0011371 -0.0014937 -0.0039579 -0.0058769 -0.0069561 -0.0070274 -0.0060717 -0.0042187 -0.0017244 0.0010678 0.0037781 0.0060426 0.0075627 0.0081416 0.0077062 0.0063117 0.0041289 0.001418 -0.0015067 -0.004317 -0.0067085 -0.0084339 -0.0093257 -0.0093091 -0.0084029 -0.0067102 -0.0044017 -0.0016932 0.0011787 0.00398 0.0065001 0.008567 0.0100578 0.0109025 0.0110834 0.0106291 0.0096066 0.0081103 0.0062517 0.0041487 0.0019167 -0.0003388 -0.0025271 -0.0045757 -0.0064314 -0.0080597 -0.0094438 -0.0105815 -0.0114832 -0.0121681 -0.0126619 -0.012994 -0.0131953 -0.0132961 -0.0133251 -0.013308 -0.013267 -0.0132202 -0.0131814 -0.0131596 -0.0131596 -0.0131814 -0.0132202 -0.013267 -0.013308 -0.0133251 -0.0132961 -0.0131953 -0.012994 -0.0126619 -0.0121681 -0.0114832 -0.0105815 -0.0094438 -0.0080597 -0.0064314 -0.0045757 -0.0025271 -0.0003388 0.0019167 0.0041487 0.0062517 0.0081103 0.0096066 0.0106291 0.0110834 0.0109025 0.0100578 0.008567 0.0065001 0.00398 0.0011787 -0.0016932 -0.0044017 -0.0067102 -0.0084029 -0.0093091 -0.0093257 -0.0084339 -0.0067085 -0.004317 -0.0015067 0.001418 0.0041289 0.0063117 0.0077062 0.0081416 0.0075627 0.0060426 0.0037781 0.0010678 -0.0017244 -0.0042187 -0.0060717 -0.0070274 -0.0069561 -0.0058769 -0.0039579 -0.0014937 0.0011371 0.0035296 0.0053152 0.0062211 0.0061149 0.0050271 
0.0045717 0.0059152 0.0062919 0.0056244 0.0040077 0.001693 -0.0009553 -0.0035186 -0.0055919 -0.0068471 -0.0070824 -0.0062517 -0.0044684 -0.0019853 0.0008448 0.0036231 0.0059623 0.00754 0.0081416 0.0076854 0.0062288 0.0039554 0.0011465 -0.0018583 -0.0047052 -0.0070696 -0.0086924 -0.0094056 -0.0091456 -0.0079535 -0.0059628 -0.0033792 -0.0004538 0.0025454 0.0053606 0.0077672 0.0095912 0.0107188 0.0110997 0.0107439 0.0097133 0.0081103 0.0060641 0.0037178 0.0012151 -0.0013094 -0.0037383 -0.005977 -0.0079554 -0.0096287 -0.0109757 -0.0119955 -0.0127042 -0.0131304 -0.0133117 -0.0132906 -0.0131115 -0.0128184 -0.0124525 -0.0120516 -0.0116486 -0.0112714 -0.0109431 -0.0106816 -0.0105001 -0.0104072 -0.0104072 -0.0105001 -0.0106816 -0.0109431 -0.0112714 -0.0116486 -0.0120516 -0.0124525 -0.0128184 -0.0131115 -0.0132906 -0.0133117 -0.0131304 -0.0127042 -0.0119955 -0.0109757 -0.0096287 -0.0079554 -0.005977 -0.0037383 -0.0013094 0.0012151 0.0037178 0.0060641 0.0081103 0.0097133 0.0107439 0.0110997 0.0107188 0.0095912 0.0077672 0.0053606 0.0025454 -0.0004538 -0.0033792 -0.0059628 -0.0079535 -0.0091456 -0.0094056 -0.0086924 -0.0070696 -0.0047052 -0.0018583 0.0011465 0.0039554 0.0062288 0.0076854 0.0081416 0.00754 0.0059623 0.0036231 0.0008448 -0.0019853 -0.0044684 -0.0062517 -0.0070824 -0.0068471 -0.0055919 -0.0035186 -0.0009553 0.001693 0.0040077 0.0056244 0.0062919 0.0059152 
0.0056128 0.0062912 0.0059065 0.0045071 0.0023123 -0.0003253 -0.0029789 -0.0052182 -0.0066788 -0.0071196 -0.0064592 -0.0047866 -0.0023444 0.0005104 0.0033619 0.0057979 0.0074692 0.0081375 0.0077062 0.0062288 0.0038969 0.0010098 -0.0020686 -0.0049591 -0.0073148 -0.0088624 -0.0094309 -0.0089657 -0.0075284 -0.005282 -0.0024665 0.0006318 0.0037142 0.0065001 0.008753 0.0102995 0.0110385 0.0109435 0.0100565 0.0084764 0.0063444 0.0038263 0.001097 -0.0016746 -0.0043377 -0.0067671 -0.0088689 -0.0105815 -0.0118744 -0.0127451 -0.013214 -0.0133194 -0.0131115 -0.0126478 -0.0119882 -0.0111915 -0.0103129 -0.0094019 -0.0085014 -0.0076476 -0.00687 -0.0061918 -0.0056306 -0.0051995 -0.0049074 -0.00476 -0.00476 -0.0049074 -0.0051995 -0.0056306 -0.0061918 -0.00687 -0.0076476 -0.0085014 -0.0094019 -0.0103129 -0.0111915 -0.0119882 -0.0126478 -0.0131115 -0.0133194 -0.013214 -0.0127451 -0.0118744 -0.0105815 -0.0088689 -0.0067671 -0.0043377 -0.0016746 0.001097 0.0038263 0.0063444 0.0084764 0.0100565 0.0109435 0.0110385 0.0102995 0.008753 0.0065001 0.0037142 0.0006318 -0.0024665 -0.005282 -0.0075284 -0.0089657 -0.0094309 -0.0088624 -0.0073148 -0.0049591 -0.0020686 0.0010098 0.0038969 0.0062288 0.0077062 0.0081375 0.0074692 0.0057979 0.0033619 0.0005104 -0.0023444 -0.0047866 -0.0064592 -0.0071196 -0.0066788 -0.0052182 -0.0029789 -0.0003253 0.0023123 0.0045071 0.0059065 0.0062912 
0.0061922 0.0061332 0.0050032 0.0029787 0.0003904 -0.002334 -0.0047422 -0.0064321 -0.0071179 -0.0066754 -0.0051596 -0.0027942 6.56e-05 0.0029905 0.0055429 0.0073431 0.0081237 0.0077657 0.0063117 0.0039554 0.0010098 -0.0021386 -0.0050845 -0.0074566 -0.008964 -0.0094289 -0.0088023 -0.0071632 -0.0047023 -0.0016932 0.0015438 0.004679 0.0074097 0.0094888 0.0107449 0.0110928 0.0105325 0.0091415 0.0070587 0.0044661 0.0015674 -0.0014311 -0.0043377 -0.0069883 -0.0092554 -0.0110514 -0.0123295 -0.01308 -0.0133251 -0.0131115 -0.0125037 -0.0115761 -0.0104072 -0.0090739 -0.0076476 -0.0061918 -0.00476 -0.003396 -0.0021337 -0.0009982 -7.1e-06 0.0008281 0.0015006 0.0020065 0.0023442 0.0025131 0.0025131 0.0023442 0.0020065 0.0015006 0.0008281 -7.1e-06 -0.0009982 -0.0021337 -0.003396 -0.00476 -0.0061918 -0.0076476 -0.0090739 -0.0104072 -0.0115761 -0.0125037 -0.0131115 -0.0133251 -0.01308 -0.0123295 -0.0110514 -0.0092554 -0.0069883 -0.0043377 -0.0014311 0.0015674 0.0044661 0.0070587 0.0091415 0.0105325 0.0110928 0.0107449 0.0094888 0.0074097 0.004679 0.0015438 -0.0016932 -0.0047023 -0.0071632 -0.0088023 -0.0094289 -0.008964 -0.0074566 -0.0050845 -0.0021386 0.0010098 0.0039554 0.0063117 0.0077657 0.0081237 0.0073431 0.0055429 0.0029905 6.56e-05 -0.0027942 -0.0051596 -0.0066754 -0.0071179 -0.0064321 -0.0047422 -0.002334 0.0003904 0.0029787 0.0050032 0.0061332 
0.0062733 0.0054664 0.0036699 0.0011804 -0.001583 -0.0041515 -0.0060864 -0.0070533 -0.0068768 -0.0055686 -0.0033235 -0.0004863 0.0025046 0.0051878 0.0071501 0.0080889 0.0078552 0.0064724 0.0041289 0.0011465 -0.0020686 -0.0050845 -0.0075029 -0.0090113 -0.0094197 -0.0086798 -0.0068844 -0.0042488 -0.0010782 0.0022729 0.0054444 0.0081109 0.0100146 0.0109874 0.0109606 0.0099633 0.0081103 0.0055829 0.0026052 -0.0005807 -0.0037383 -0.0066557 -0.00916 -0.0111261 -0.0124797 -0.0131953 -0.0132906 -0.0128184 -0.0118569 -0.0105001 -0.0088487 -0.0070024 -0.0050539 -0.0030845 -0.001162 0.0006606 0.0023442 0.0038631 0.0052026 0.0063569 0.0073267 0.0081172 0.0087359 0.0091911 0.0094898 0.0096378 0.0096378 0.0094898 0.0091911 0.0087359 0.0081172 0.0073267 0.0063569 0.0052026 0.0038631 0.0023442 0.0006606 -0.001162 -0.0030845 -0.0050539 -0.0070024 -0.0088487 -0.0105001 -0.0118569 -0.0128184 -0.0132906 -0.0131953 -0.0124797 -0.0111261 -0.00916 -0.0066557 -0.0037383 -0.0005807 0.0026052 0.0055829 0.0081103 0.0099633 0.0109606 0.0109874 0.0100146 0.0081109 0.0054444 0.0022729 -0.0010782 -0.0042488 -0.0068844 -0.0086798 -0.0094197 -0.0090113 -0.0075029 -0.0050845 -0.0020686 0.0011465 0.0041289 0.0064724 0.0078552 0.0080889 0.0071501 0.0051878 0.0025046 -0.0004863 -0.0033235 -0.0055686 -0.0068768 -0.0070533 -0.0060864 -0.0041515 -0.001583 0.0011804 0.0036699 0.0054664 
0.0058621 0.0043567 0.0020265 -0.0007302 -0.0034369 -0.0056215 -0.0068988 -0.0070355 -0.0059896 -0.0039159 -0.0011391 0.001901 0.0047217 0.0068747 0.0080166 0.0079602 0.0067005 0.0044118 0.001418 -0.0018583 -0.0049591 -0.0074566 -0.0090113 -0.0094152 -0.0086146 -0.0067102 -0.003938 -0.000633 0.0028171 0.006021 0.0086297 0.0103734 0.0110864 0.0107167 0.009323 0.0070587 0.0041487 0.0008601 -0.0025271 -0.0057472 -0.0085709 -0.0108211 -0.0123809 -0.0131953 -0.013267 -0.0126478 -0.0114267 -0.0097178 -0.0076476 -0.0053441 -0.0029276 -0.0005044 0.0018377 0.0040314 0.0060293 0.0078031 0.0093409 0.0106441 0.011724 0.0125987 0.0132905 0.0138225 0.0142171 0.0144942 0.0146697 0.0147546 0.0147546 0.0146697 0.0144942 0.0142171 0.0138225 0.0132905 0.0125987 0.011724 0.0106441 0.0093409 0.0078031 0.0060293 0.0040314 0.0018377 -0.0005044 -0.0029276 -0.0053441 -0.0076476 -0.0097178 -0.0114267 -0.0126478 -0.013267 -0.0131953 -0.0123809 -0.0108211 -0.0085709 -0.0057472 -0.0025271 0.0008601 0.0041487 0.0070587 0.009323 0.0107167 0.0110864 0.0103734 0.0086297 0.006021 0.0028171 -0.000633 -0.003938 -0.0067102 -0.0086146 -0.0094152 -0.0090113 -0.0074566 -0.0049591 -0.0018583 0.001418 0.0044118 0.0067005 0.0079602 0.0080166 0.0068747 0.0047217 0.001901 -0.0011391 -0.0039159 -0.0059896 -0.0070355 -0.0068988 -0.0056215 -0.0034369 -0.0007302 0.0020265 0.0043567 
0.0050032 0.0029025 0.0002123 -0.0025944 -0.0050192 -0.0066264 -0.0071196 -0.0063931 -0.0045495 -0.0018814 0.0011793 0.0041337 0.0064987 0.0078856 0.0080606 0.00698 0.0047941 0.0018206 -0.0015067 -0.0047052 -0.0073148 -0.008964 -0.0094197 -0.0086146 -0.0066509 -0.0037802 -0.0003639 0.0031777 0.0064213 0.0089919 0.0106054 0.011096 0.0104269 0.0086855 0.0060641 0.0028315 -0.0007019 -0.0042183 -0.0074242 -0.0100758 -0.0119955 -0.01308 -0.0133 -0.0126928 -0.0113498 -0.0094019 -0.0070024 -0.0043127 -0.001488 0.0013322 0.0040314 0.0065199 0.0087359 0.0106441 0.0122324 0.0135083 0.0144942 0.015223 0.0157335 0.0160674 0.0162658 0.0163672 0.0164054 0.0164086 0.0163985 0.0163897 0.0163897 0.0163985 0.0164086 0.0164054 0.0163672 0.0162658 0.0160674 0.0157335 0.015223 0.0144942 0.0135083 0.0122324 0.0106441 0.0087359 0.0065199 0.0040314 0.0013322 -0.001488 -0.0043127 -0.0070024 -0.0094019 -0.0113498 -0.0126928 -0.0133 -0.01308 -0.0119955 -0.0100758 -0.0074242 -0.0042183 -0.0007019 0.0028315 0.0060641 0.0086855 0.0104269 0.011096 0.0106054 0.0089919 0.0064213 0.0031777 -0.0003639 -0.0037802 -0.0066509 -0.0086146 -0.0094197 -0.008964 -0.0073148 -0.0047052 -0.0015067 0.0018206 0.0047941 0.00698 0.0080606 0.0078856 0.0064987 0.0041337 0.0011793 -0.0018814 -0.0045495 -0.0063931 -0.0071196 -0.0066264 -0.0050192 -0.0025944 0.0002123 0.0029025 
0.0037732 0.0012236 -0.0016276 -0.0042657 -0.0062086 -0.007094 -0.0067436 -0.0051953 -0.0026955 0.0003434 0.0034145 0.0060026 0.0076704 0.0081301 0.0072886 0.0052605 0.0023472 -0.0010135 -0.004317 -0.0070696 -0.0088624 -0.0094289 -0.0086798 -0.0067102 -0.0037802 -0.000274 0.0033572 0.0066564 0.0092198 0.0107449 0.0110619 0.0101457 0.0081103 0.0051857 0.0016842 -0.0020401 -0.0056316 -0.0087703 -0.0111997 -0.0127451 -0.0133214 -0.01293 -0.0116486 -0.0096139 -0.0070024 -0.0040103 -0.0008341 0.0023442 0.0053687 0.0081172 0.0105036 0.0124781 0.0140233 0.0151499 0.0158898 0.0162908 0.01641 0.0163087 0.0160486 0.0156878 0.0152793 0.0148692 0.0144956 0.0141893 0.0139726 0.0138606 0.0138606 0.0139726 0.0141893 0.0144956 0.0148692 0.0152793 0.0156878 0.0160486 0.0163087 0.01641 0.0162908 0.0158898 0.0151499 0.0140233 0.0124781 0.0105036 0.0081172 0.0053687 0.0023442 -0.0008341 -0.0040103 -0.0070024 -0.0096139 -0.0116486 -0.01293 -0.0133214 -0.0127451 -0.0111997 -0.0087703 -0.0056316 -0.0020401 0.0016842 0.0051857 0.0081103 0.0101457 0.0110619 0.0107449 0.0092198 0.0066564 0.0033572 -0.000274 -0.0037802 -0.0067102 -0.0086798 -0.0094289 -0.0088624 -0.0070696 -0.004317 -0.0010135 0.0023472 0.0052605 0.0072886 0.0081301 0.0076704 0.0060026 0.0034145 0.0003434 -0.0026955 -0.0051953 -0.0067436 -0.007094 -0.0062086 -0.0042657 -0.0016276 0.0012236 
0.0022718 -0.0005502 -0.0033547 -0.0056215 -0.0069227 -0.007001 -0.0058168 -0.0035558 -0.000596 0.002559 0.0053674 0.0073431 0.0081375 0.0075976 0.0057895 0.0029861 -0.0003801 -0.0037874 -0.0067085 -0.0086924 -0.0094309 -0.0088023 -0.0068844 -0.003938 -0.0003639 0.0033572 0.0067339 0.0093295 0.0108179 0.0110192 0.0099152 0.0076424 0.0044661 0.0007412 -0.0031343 -0.0067671 -0.0098102 -0.0119955 -0.0131534 -0.0132202 -0.0122326 -0.0103129 -0.0076476 -0.0044626 -0.0009982 0.0025131 0.0058648 0.0088885 0.0114616 0.0135083 0.0149977 0.0159375 0.0163672 0.0163486 0.0159582 0.0152793 0.014396 0.013388 0.0123278 0.0112783 0.0102926 0.0094133 0.0086739 0.0080993 0.007707 0.0075082 0.0075082 0.007707 0.0080993 0.0086739 0.0094133 0.0102926 0.0112783 0.0123278 0.013388 0.014396 0.0152793 0.0159582 0.0163486 0.0163672 0.0159375 0.0149977 0.0135083 0.0114616 0.0088885 0.0058648 0.0025131 -0.0009982 -0.0044626 -0.0076476 -0.0103129 -0.0122326 -0.0132202 -0.0131534 -0.0119955 -0.0098102 -0.0067671 -0.0031343 0.0007412 0.0044661 0.0076424 0.0099152 0.0110192 0.0108179 0.0093295 0.0067339 0.0033572 -0.0003639 -0.003938 -0.0068844 -0.0088023 -0.0094309 -0.0086924 -0.0067085 -0.0037874 -0.0003801 0.0029861 0.0057895 0.0075976 0.0081375 0.0073431 0.0053674 0.002559 -0.000596 -0.0035558 -0.0058168 -0.007001 -0.0069227 -0.0056215 -0.0033547 -0.0005502 
0.0006119 -0.0022904 -0.0048476 -0.0065712 -0.0071213 -0.0063704 -0.0044274 -0.0016191 0.0015687 0.0045774 0.0068747 0.0080472 0.0078716 0.0063525 0.0037198 0.0003889 -0.0031093 -0.0062159 -0.0084339 -0.0094056 -0.0089657 -0.0071632 -0.0042488 -0.000633 0.0031777 0.0066564 0.0093295 0.0108404 0.0109919 0.0097653 0.0073137 0.0039343 2.3e-05 -0.0039787 -0.0076385 -0.0105815 -0.0125272 -0.0133117 -0.0128943 -0.0113498 -0.0088487 -0.0056306 -0.0019731 0.0018377 0.0055345 0.0088885 0.011724 0.0139238 0.0154301 0.0162385 0.0163897 0.0159582 0.0150408 0.0137461 0.0121847 0.0104622 0.0086739 0.0069014 0.0052118 0.0036575 0.0022775 0.0010996 0.0001423 -0.0005828 -0.0010691 -0.0013129 -0.0013129 -0.0010691 -0.0005828 0.0001423 0.0010996 0.0022775 0.0036575 0.0052118 0.0069014 0.0086739 0.0104622 0.0121847 0.0137461 0.0150408 0.0159582 0.0163897 0.0162385 0.0154301 0.0139238 0.011724 0.0088885 0.0055345 0.0018377 -0.0019731 -0.0056306 -0.0088487 -0.0113498 -0.0128943 -0.0133117 -0.0125272 -0.0105815 -0.0076385 -0.0039787 2.3e-05 0.0039343 0.0073137 0.0097653 0.0109919 0.0108404 0.0093295 0.0066564 0.0031777 -0.000633 -0.0042488 -0.0071632 -0.0089657 -0.0094056 -0.0084339 -0.0062159 -0.0031093 0.0003889 0.0037198 0.0063525 0.0078716 0.0080472 0.0068747 0.0045774 0.0015687 -0.0016191 -0.0044274 -0.0063704 -0.0071213 -0.0065712 -0.0048476 -0.0022904 
-0.0010902 -0.0038793 -0.0060098 -0.0070601 -0.0068063 -0.0052658 -0.0026955 0.0004547 0.0036231 0.0062382 0.0078208 0.0080693 0.0069128 0.0045227 0.0012825 -0.0022784 -0.0055747 -0.0080621 -0.0093257 -0.0091456 -0.0075284 -0.0047023 -0.0010782 0.0028171 0.0064213 0.0092198 0.0108179 0.0109919 0.0097133 0.0071445 0.0036087 -0.0004597 -0.0045757 -0.0082663 -0.0111261 -0.0128599 -0.013308 -0.0124525 -0.0104072 -0.007393 -0.0037047 0.0003261 0.0043673 0.0081172 0.0113285 0.0138225 0.015495 0.0163135 0.0163087 0.0155618 0.0141893 0.0123278 0.0101208 0.007707 0.0052118 0.0027419 0.0003827 -0.0018019 -0.0037683 -0.0054901 -0.0069548 -0.0081601 -0.0091102 -0.0098125 -0.0102751 -0.0105046 -0.0105046 -0.0102751 -0.0098125 -0.0091102 -0.0081601 -0.0069548 -0.0054901 -0.0037683 -0.0018019 0.0003827 0.0027419 0.0052118 0.007707 0.0101208 0.0123278 0.0141893 0.0155618 0.0163087 0.0163135 0.015495 0.0138225 0.0113285 0.0081172 0.0043673 0.0003261 -0.0037047 -0.007393 -0.0104072 -0.0124525 -0.013308 -0.0128599 -0.0111261 -0.0082663 -0.0045757 -0.0004597 0.0036087 0.0071445 0.0097133 0.0109919 0.0108179 0.0092198 0.0064213 0.0028171 -0.0010782 -0.0047023 -0.0075284 -0.0091456 -0.0093257 -0.0080621 -0.0055747 -0.0022784 0.0012825 0.0045227 0.0069128 0.0080693 0.0078208 0.0062382 0.0036231 0.0004547 -0.0026955 -0.0052658 -0.0068063 -0.0070601 -0.0060098 -0.0038793 
