131 131
-0.0014612 -0.0017545 -0.0011925 -4.55e-05 0.0011414 0.0018136 0.0016628 0.0007588 -0.000495 -0.0015516 -0.0019609 -0.0015556 -0.0005075 0.0007576 0.0017413 0.0020694 0.0016269 0.0005857 -0.0006746 -0.0017135 -0.0021842 -0.0019435 -0.001083 0.0001172 0.0012898 0.002096 0.0023212 0.0019226 0.0010248 -0.0001296 -0.0012534 -0.0020887 -0.002464 -0.0023217 -0.0017166 -0.0007893 0.000273 0.0012789 0.0020679 0.0025335 0.0026321 0.0023792 0.0018362 0.0010936 0.0002523 -0.0005914 -0.0013569 -0.0019862 -0.0024454 -0.0027227 -0.002825 -0.0027725 -0.0025936 -0.0023201 -0.0019837 -0.0016131 -0.0012329 -0.0008627 -0.0005169 -0.0002056 6.49e-05 0.0002911 0.0004716 0.0006063 0.0006956 0.0007401 0.0007401 0.0006956 0.0006063 0.0004716 0.0002911 6.49e-05 -0.0002056 -0.0005169 -0.0008627 -0.0012329 -0.0016131 -0.0019837 -0.0023201 -0.0025936 -0.0027725 -0.002825 -0.0027227 -0.0024454 -0.0019862 -0.0013569 -0.0005914 0.0002523 0.0010936 0.0018362 0.0023792 0.0026321 0.0025335 0.0020679 0.0012789 0.000273 -0.0007893 -0.0017166 -0.0023217 -0.002464 -0.0020887 -0.0012534 -0.0001296 0.0010248 0.0019226 0.0023212 0.002096 0.0012898 0.0001172 -0.001083 -0.0019435 -0.0021842 -0.0017135 -0.0006746 0.0005857 0.0016269 0.0020694 0.0017413 0.0007576 -0.0005075 -0.0015556 -0.0019609 -0.0015516 -0.000495 0.0007588 0.0016628 0.0018136 0.0011414 -4.55e-05 -0.0011925 -0.0017545 
-0.0017545 -0.0011777 -4.9e-06 0.00119 0.0018304 0.001612 0.0006373 -0.0006451 -0.0016565 -0.0019499 -0.0014011 -0.000248 0.0010246 0.001896 0.0020214 0.0013592 0.0001708 -0.0010948 -0.001977 -0.0021697 -0.0016181 -0.0005207 0.0007548 0.0018023 0.0023071 0.0021342 0.001352 0.0001946 -0.0010179 -0.0019734 -0.0024464 -0.0023449 -0.0017166 -0.0007215 0.0004171 0.0014682 0.0022406 0.0026146 0.0025529 0.0020952 0.0013383 0.000411 -0.0005515 -0.0014287 -0.002129 -0.0025964 -0.0028103 -0.0027805 -0.0025394 -0.0021331 -0.0016131 -0.0010301 -0.0004286 0.0001554 0.0006956 0.0011755 0.0015865 0.0019271 0.0022004 0.0024131 0.0025736 0.0026906 0.0027727 0.0028273 0.0028603 0.0028757 0.0028757 0.0028603 0.0028273 0.0027727 0.0026906 0.0025736 0.0024131 0.0022004 0.0019271 0.0015865 0.0011755 0.0006956 0.0001554 -0.0004286 -0.0010301 -0.0016131 -0.0021331 -0.0025394 -0.0027805 -0.0028103 -0.0025964 -0.002129 -0.0014287 -0.0005515 0.000411 0.0013383 0.0020952 0.0025529 0.0026146 0.0022406 0.0014682 0.0004171 -0.0007215 -0.0017166 -0.0023449 -0.0024464 -0.0019734 -0.0010179 0.0001946 0.001352 0.0021342 0.0023071 0.0018023 0.0007548 -0.0005207 -0.0016181 -0.0021697 -0.001977 -0.0010948 0.0001708 0.0013592 0.0020214 0.001896 0.0010246 -0.000248 -0.0014011 -0.0019499 -0.0016565 -0.0006451 0.0006373 0.001612 0.0018304 0.00119 -4.9e-06 -0.0011777 
-0.0011925 -4.9e-06 0.0012059 0.0018374 0.0015789 0.0005544 -0.0007502 -0.0017259 -0.001926 -0.0012624 -3.1e-05 0.0012321 0.0019905 0.001932 0.0010868 -0.0002017 -0.0014282 -0.0021277 -0.0020481 -0.0012294 2.91e-05 0.0012898 0.0021343 0.0022995 0.0017494 0.0006682 -0.0006139 -0.0017293 -0.00238 -0.0024114 -0.0018383 -0.0008229 0.0003811 0.0014988 0.0022982 0.0026351 0.0024705 0.0018641 0.0009477 -0.0001092 -0.0011354 -0.0019862 -0.002562 -0.0028145 -0.0027446 -0.002392 -0.001822 -0.0011121 -0.0003398 0.0004266 0.0011329 0.0017418 0.0022324 0.0025982 0.0028441 0.0029829 0.0030323 0.0030122 0.0029427 0.0028422 0.0027274 0.0026122 0.0025075 0.002422 0.0023618 0.0023307 0.0023307 0.0023618 0.002422 0.0025075 0.0026122 0.0027274 0.0028422 0.0029427 0.0030122 0.0030323 0.0029829 0.0028441 0.0025982 0.0022324 0.0017418 0.0011329 0.0004266 -0.0003398 -0.0011121 -0.001822 -0.002392 -0.0027446 -0.0028145 -0.002562 -0.0019862 -0.0011354 -0.0001092 0.0009477 0.0018641 0.0024705 0.0026351 0.0022982 0.0014988 0.0003811 -0.0008229 -0.0018383 -0.0024114 -0.00238 -0.0017293 -0.0006139 0.0006682 0.0017494 0.0022995 0.0021343 0.0012898 2.91e-05 -0.0012294 -0.0020481 -0.0021277 -0.0014282 -0.0002017 0.0010868 0.001932 0.0019905 0.0012321 -3.1e-05 -0.0012624 -0.001926 -0.0017259 -0.0007502 0.0005544 0.0015789 0.0018374 0.0012059 -4.9e-06 
-4.55e-05 0.00119 0.0018374 0.0015674 0.0005124 -0.0008121 -0.0017676 -0.0019008 -0.0011503 0.0001389 0.0013861 0.0020415 0.0018247 0.0008323 -0.0005191 -0.0016786 -0.0021887 -0.0018589 -0.0008237 0.0005263 0.0017026 0.0022981 0.0021216 0.0012467 -3.21e-05 -0.0013102 -0.002206 -0.0024718 -0.002053 -0.0010844 0.0001647 0.0013747 0.0022603 0.0026351 0.0024422 0.0017502 0.0007221 -0.0004314 -0.0014993 -0.0023097 -0.002754 -0.0027946 -0.0024587 -0.001822 -0.0009886 -7.06e-05 0.0008286 0.0016259 0.0022638 0.0027121 0.0029641 0.0030325 0.0029427 0.0027274 0.002422 0.0020601 0.0016717 0.0012815 0.0009088 0.0005676 0.0002672 1.34e-05 -0.0001906 -0.0003438 -0.0004457 -0.0004966 -0.0004966 -0.0004457 -0.0003438 -0.0001906 1.34e-05 0.0002672 0.0005676 0.0009088 0.0012815 0.0016717 0.0020601 0.002422 0.0027274 0.0029427 0.0030325 0.0029641 0.0027121 0.0022638 0.0016259 0.0008286 -7.06e-05 -0.0009886 -0.001822 -0.0024587 -0.0027946 -0.002754 -0.0023097 -0.0014993 -0.0004314 0.0007221 0.0017502 0.0024422 0.0026351 0.0022603 0.0013747 0.0001647 -0.0010844 -0.002053 -0.0024718 -0.002206 -0.0013102 -3.21e-05 0.0012467 0.0021216 0.0022981 0.0017026 0.0005263 -0.0008237 -0.0018589 -0.0021887 -0.0016786 -0.0005191 0.0008323 0.0018247 0.0020415 0.0013861 0.0001389 -0.0011503 -0.0019008 -0.0017676 -0.0008121 0.0005124 0.0015674 0.0018374 0.00119 
0.0011414 0.0018304 0.0015789 0.0005124 -0.0008326 -0.001787 -0.0018824 -0.001072 0.0002602 0.0014935 0.0020643 0.0017182 0.0006109 -0.0007766 -0.0018569 -0.002186 -0.0016372 -0.0004356 0.000949 0.0019945 0.0023234 0.0018298 0.0006988 -0.0006774 -0.0018452 -0.0024408 -0.0022968 -0.0014757 -0.0002314 0.0010812 0.0021136 0.0026146 0.0024839 0.0017793 0.0006837 -0.0005515 -0.0016705 -0.0024662 -0.0028145 -0.0026854 -0.0021331 -0.0012726 -0.0002504 0.0007844 0.0017035 0.0024131 0.0028603 0.0030308 0.0029427 0.0026366 0.002166 0.001588 0.0009565 0.0003176 -0.0002928 -0.0008497 -0.0013382 -0.0017521 -0.0020915 -0.0023615 -0.0025697 -0.0027252 -0.0028369 -0.0029129 -0.0029598 -0.002982 -0.002982 -0.0029598 -0.0029129 -0.0028369 -0.0027252 -0.0025697 -0.0023615 -0.0020915 -0.0017521 -0.0013382 -0.0008497 -0.0002928 0.0003176 0.0009565 0.001588 0.002166 0.0026366 0.0029427 0.0030308 0.0028603 0.0024131 0.0017035 0.0007844 -0.0002504 -0.0012726 -0.0021331 -0.0026854 -0.0028145 -0.0024662 -0.0016705 -0.0005515 0.0006837 0.0017793 0.0024839 0.0026146 0.0021136 0.0010812 -0.0002314 -0.0014757 -0.0022968 -0.0024408 -0.0018452 -0.0006774 0.0006988 0.0018298 0.0023234 0.0019945 0.000949 -0.0004356 -0.0016372 -0.002186 -0.0018569 -0.0007766 0.0006109 0.0017182 0.0020643 0.0014935 0.0002602 -0.001072 -0.0018824 -0.001787 -0.0008326 0.0005124 0.0015789 0.0018304 
0.0018136 0.001612 0.0005544 -0.0008121 -0.001787 -0.0018757 -0.0010319 0.0003326 0.0015609 0.0020713 0.0016269 0.0004324 -0.0009751 -0.001977 -0.0021445 -0.0014122 -8.82e-05 0.0012898 0.0021802 0.0022476 0.0014776 0.0001623 -0.0012246 -0.002206 -0.0024631 -0.0019289 -0.0007893 0.0005958 0.0018159 0.0025335 0.0025716 0.0019451 0.0008358 -0.0004715 -0.0016705 -0.0025061 -0.002825 -0.0025936 -0.0018881 -0.0008627 0.0002911 0.0013847 0.0022638 0.0028273 0.0030323 0.0028897 0.0024512 0.0017936 0.0010039 0.000166 -0.0006486 -0.0013856 -0.0020095 -0.0025028 -0.002863 -0.0030987 -0.0032264 -0.0032666 -0.0032411 -0.0031713 -0.0030764 -0.0029732 -0.0028752 -0.0027929 -0.0027339 -0.0027032 -0.0027032 -0.0027339 -0.0027929 -0.0028752 -0.0029732 -0.0030764 -0.0031713 -0.0032411 -0.0032666 -0.0032264 -0.0030987 -0.002863 -0.0025028 -0.0020095 -0.0013856 -0.0006486 0.000166 0.0010039 0.0017936 0.0024512 0.0028897 0.0030323 0.0028273 0.0022638 0.0013847 0.0002911 -0.0008627 -0.0018881 -0.0025936 -0.002825 -0.0025061 -0.0016705 -0.0004715 0.0008358 0.0019451 0.0025716 0.0025335 0.0018159 0.0005958 -0.0007893 -0.0019289 -0.0024631 -0.002206 -0.0012246 0.0001623 0.0014776 0.0022476 0.0021802 0.0012898 -8.82e-05 -0.0014122 -0.0021445 -0.001977 -0.0009751 0.0004324 0.0016269 0.0020713 0.0015609 0.0003326 -0.0010319 -0.0018757 -0.001787 -0.0008121 0.0005544 0.001612 
0.0016628 0.0006373 -0.0007502 -0.0017676 -0.0018824 -0.0010319 0.0003567 0.0015933 0.0020718 0.0015609 0.0003024 -0.0011183 -0.0020532 -0.0020858 -0.0012056 0.0002053 0.0015516 0.0022815 0.0021085 0.0011097 -0.0003245 -0.0016561 -0.0024062 -0.0023217 -0.0014473 -8.79e-05 0.0013111 0.0023165 0.0026396 0.0022077 0.0011649 -0.0001899 -0.0014993 -0.0024454 -0.0028233 -0.0025762 -0.0017883 -0.0006481 0.0006063 0.0017418 0.0025736 0.0029912 0.0029646 0.0025347 0.0017936 0.0008608 -0.0001396 -0.001097 -0.0019256 -0.0025697 -0.0030035 -0.0032264 -0.0032574 -0.0031278 -0.0028752 -0.002538 -0.0021521 -0.0017485 -0.001352 -0.0009815 -0.0006503 -0.0003674 -0.0001378 3.55e-05 0.0001513 0.0002093 0.0002093 0.0001513 3.55e-05 -0.0001378 -0.0003674 -0.0006503 -0.0009815 -0.001352 -0.0017485 -0.0021521 -0.002538 -0.0028752 -0.0031278 -0.0032574 -0.0032264 -0.0030035 -0.0025697 -0.0019256 -0.001097 -0.0001396 0.0008608 0.0017936 0.0025347 0.0029646 0.0029912 0.0025736 0.0017418 0.0006063 -0.0006481 -0.0017883 -0.0025762 -0.0028233 -0.0024454 -0.0014993 -0.0001899 0.0011649 0.0022077 0.0026396 0.0023165 0.0013111 -8.79e-05 -0.0014473 -0.0023217 -0.0024062 -0.0016561 -0.0003245 0.0011097 0.0021085 0.0022815 0.0015516 0.0002053 -0.0012056 -0.0020858 -0.0020532 -0.0011183 0.0003024 0.0015609 0.0020718 0.0015933 0.0003567 -0.0010319 -0.0018824 -0.0017676 -0.0007502 0.0006373 
0.0007588 -0.0006451 -0.0017259 -0.0019008 -0.001072 0.0003326 0.0015933 0.0020713 0.0015264 0.0002236 -0.0012105 -0.0020979 -0.0020272 -0.0010326 0.0004393 0.0017434 0.0023227 0.0019401 0.0007596 -0.0007404 -0.0019734 -0.0024755 -0.0020722 -0.0009225 0.0005602 0.0018692 0.0025806 0.0024839 0.00163 0.0002921 -0.0011354 -0.0022605 -0.0028 -0.0026423 -0.0018553 -0.0006481 0.0006956 0.0018908 0.0027121 0.0030308 0.0028249 0.002166 0.0011904 6.44e-05 -0.0010479 -0.0020095 -0.0027252 -0.003146 -0.0032656 -0.0031116 -0.0027339 -0.0021939 -0.0015542 -0.0008723 -0.0001954 0.000441 0.0010135 0.0015093 0.0019243 0.0022609 0.0025254 0.0027266 0.0028737 0.0029755 0.003039 0.0030695 0.0030695 0.003039 0.0029755 0.0028737 0.0027266 0.0025254 0.0022609 0.0019243 0.0015093 0.0010135 0.000441 -0.0001954 -0.0008723 -0.0015542 -0.0021939 -0.0027339 -0.0031116 -0.0032656 -0.003146 -0.0027252 -0.0020095 -0.0010479 6.44e-05 0.0011904 0.002166 0.0028249 0.0030308 0.0027121 0.0018908 0.0006956 -0.0006481 -0.0018553 -0.0026423 -0.0028 -0.0022605 -0.0011354 0.0002921 0.00163 0.0024839 0.0025806 0.0018692 0.0005602 -0.0009225 -0.0020722 -0.0024755 -0.0019734 -0.0007404 0.0007596 0.0019401 0.0023227 0.0017434 0.0004393 -0.0010326 -0.0020272 -0.0020979 -0.0012105 0.0002236 0.0015264 0.0020713 0.0015933 0.0003326 -0.001072 -0.0019008 -0.0017259 -0.0006451 
-0.000495 -0.0016565 -0.001926 -0.0011503 0.0002602 0.0015609 0.0020718 0.0015264 0.0001972 -0.0012556 -0.0021208 -0.0019814 -0.0009033 0.0006126 0.0018766 0.0023265 0.00177 0.00045 -0.0010779 -0.0021904 -0.0024501 -0.0017664 -0.0004091 0.0011147 0.0022603 0.0026396 0.0021416 0.0009477 -0.0005515 -0.0018955 -0.0026987 -0.0027546 -0.0020748 -0.0008627 0.0005615 0.0018542 0.0027329 0.0030332 0.0027274 0.001911 0.000764 -0.0004966 -0.0016627 -0.0025697 -0.0031153 -0.0032638 -0.0030378 -0.0025027 -0.0017485 -0.0008723 3.55e-05 0.0009003 0.0016683 0.0023066 0.0028017 0.0031556 0.0033813 0.0034988 0.0035316 0.0035036 0.0034372 0.0033522 0.0032651 0.0031888 0.0031328 0.0031032 0.0031032 0.0031328 0.0031888 0.0032651 0.0033522 0.0034372 0.0035036 0.0035316 0.0034988 0.0033813 0.0031556 0.0028017 0.0023066 0.0016683 0.0009003 3.55e-05 -0.0008723 -0.0017485 -0.0025027 -0.0030378 -0.0032638 -0.0031153 -0.0025697 -0.0016627 -0.0004966 0.000764 0.001911 0.0027274 0.0030332 0.0027329 0.0018542 0.0005615 -0.0008627 -0.0020748 -0.0027546 -0.0026987 -0.0018955 -0.0005515 0.0009477 0.0021416 0.0026396 0.0022603 0.0011147 -0.0004091 -0.0017664 -0.0024501 -0.0021904 -0.0010779 0.00045 0.00177 0.0023265 0.0018766 0.0006126 -0.0009033 -0.0019814 -0.0021208 -0.0012556 0.0001972 0.0015264 0.0020718 0.0015609 0.0002602 -0.0011503 -0.001926 -0.0016565 
-0.0015516 -0.0019499 -0.0012624 0.0001389 0.0014935 0.0020713 0.0015609 0.0002236 -0.0012556 -0.0021277 -0.0019564 -0.0008237 0.0007265 0.0019625 0.0023122 0.001619 0.0001946 -0.0013383 -0.0023275 -0.0023662 -0.0014473 5.63e-05 0.0015592 0.002499 0.0025428 0.0016909 0.0002523 -0.0012841 -0.002424 -0.0028261 -0.002392 -0.0012726 0.0002006 0.0016259 0.0026457 0.0030323 0.0027274 0.0018333 0.0005676 -0.0007996 -0.0020095 -0.002863 -0.0032478 -0.0031432 -0.0026064 -0.0017485 -0.0007062 0.0003831 0.0014014 0.0022609 0.0029084 0.0033237 0.0035134 0.0035036 0.003332 0.0030412 0.0026731 0.0022656 0.0018505 0.0014526 0.0010905 0.000777 0.00052 0.0003247 0.0001935 0.0001277 0.0001277 0.0001935 0.0003247 0.00052 0.000777 0.0010905 0.0014526 0.0018505 0.0022656 0.0026731 0.0030412 0.003332 0.0035036 0.0035134 0.0033237 0.0029084 0.0022609 0.0014014 0.0003831 -0.0007062 -0.0017485 -0.0026064 -0.0031432 -0.0032478 -0.002863 -0.0020095 -0.0007996 0.0005676 0.0018333 0.0027274 0.0030323 0.0026457 0.0016259 0.0002006 -0.0012726 -0.002392 -0.0028261 -0.002424 -0.0012841 0.0002523 0.0016909 0.0025428 0.002499 0.0015592 5.63e-05 -0.0014473 -0.0023662 -0.0023275 -0.0013383 0.0001946 0.001619 0.0023122 0.0019625 0.0007265 -0.0008237 -0.0019564 -0.0021277 -0.0012556 0.0002236 0.0015609 0.0020713 0.0014935 0.0001389 -0.0012624 -0.0019499 
-0.0019609 -0.0014011 -3.1e-05 0.0013861 0.0020643 0.0016269 0.0003024 -0.0012105 -0.0021208 -0.0019564 -0.0007969 0.0007829 0.0020101 0.0022944 0.0015019 4e-07 -0.0015283 -0.0024062 -0.0022559 -0.0011475 0.000453 0.0018954 0.0026146 0.0023446 0.0012002 -0.0003913 -0.0018645 -0.0027227 -0.0026985 -0.001822 -0.0003843 0.0011755 0.0024131 0.0030056 0.0028249 0.0019491 0.000617 -0.0008497 -0.0021317 -0.002982 -0.0032666 -0.0029732 -0.0021939 -0.0010893 0.0001513 0.0013469 0.0023517 0.0030695 0.0034569 0.0035171 0.0032885 0.0028316 0.0022163 0.0015112 0.000777 6.17e-05 -0.0005999 -0.0011865 -0.0016875 -0.0021012 -0.002432 -0.0026875 -0.0028771 -0.0030099 -0.0030937 -0.0031341 -0.0031341 -0.0030937 -0.0030099 -0.0028771 -0.0026875 -0.002432 -0.0021012 -0.0016875 -0.0011865 -0.0005999 6.17e-05 0.000777 0.0015112 0.0022163 0.0028316 0.0032885 0.0035171 0.0034569 0.0030695 0.0023517 0.0013469 0.0001513 -0.0010893 -0.0021939 -0.0029732 -0.0032666 -0.002982 -0.0021317 -0.0008497 0.000617 0.0019491 0.0028249 0.0030056 0.0024131 0.0011755 -0.0003843 -0.001822 -0.0026985 -0.0027227 -0.0018645 -0.0003913 0.0012002 0.0023446 0.0026146 0.0018954 0.000453 -0.0011475 -0.0022559 -0.0024062 -0.0015283 4e-07 0.0015019 0.0022944 0.0020101 0.0007829 -0.0007969 -0.0019564 -0.0021208 -0.0012105 0.0003024 0.0016269 0.0020643 0.0013861 -3.1e-05 -0.0014011 
-0.0015556 -0.000248 0.0012321 0.0020415 0.0017182 0.0004324 -0.0011183 -0.0020979 -0.0019814 -0.0008237 0.0007829 0.0020252 0.0022831 0.0014282 -0.0001296 -0.0016561 -0.0024464 -0.002145 -0.0008895 0.0007723 0.0021358 0.0026417 0.0020952 0.0007221 -0.0009448 -0.0022853 -0.002825 -0.002392 -0.0011527 0.0004716 0.0019628 0.0028757 0.0029646 0.0022337 0.0009088 -0.0006486 -0.0020508 -0.002982 -0.0032638 -0.0028752 -0.0019339 -0.0006503 0.0007291 0.0019741 0.0029084 0.0034297 0.0035109 0.0031888 0.0025448 0.0016836 0.0007132 -0.0002692 -0.0011865 -0.0019858 -0.002638 -0.0031341 -0.0034813 -0.0036974 -0.0038063 -0.0038344 -0.0038073 -0.0037485 -0.0036779 -0.0036113 -0.0035604 -0.0035331 -0.0035331 -0.0035604 -0.0036113 -0.0036779 -0.0037485 -0.0038073 -0.0038344 -0.0038063 -0.0036974 -0.0034813 -0.0031341 -0.002638 -0.0019858 -0.0011865 -0.0002692 0.0007132 0.0016836 0.0025448 0.0031888 0.0035109 0.0034297 0.0029084 0.0019741 0.0007291 -0.0006503 -0.0019339 -0.0028752 -0.0032638 -0.002982 -0.0020508 -0.0006486 0.0009088 0.0022337 0.0029646 0.0028757 0.0019628 0.0004716 -0.0011527 -0.002392 -0.002825 -0.0022853 -0.0009448 0.0007221 0.0020952 0.0026417 0.0021358 0.0007723 -0.0008895 -0.002145 -0.0024464 -0.0016561 -0.0001296 0.0014282 0.0022831 0.0020252 0.0007829 -0.0008237 -0.0019814 -0.0020979 -0.0011183 0.0004324 0.0017182 0.0020415 0.0012321 -0.000248 
-0.0005075 0.0010246 0.0019905 0.0018247 0.0006109 -0.0009751 -0.0020532 -0.0020272 -0.0009033 0.0007265 0.0020101 0.0022831 0.0014031 -0.0001946 -0.0017293 -0.002464 -0.002053 -0.0006874 0.0010137 0.0022982 0.0026145 0.0018362 0.0002921 -0.0013929 -0.002562 -0.0027805 -0.0019837 -0.0004728 0.0012179 0.0025225 0.0030323 0.0026122 0.0014154 -0.0001906 -0.0017521 -0.002863 -0.0032666 -0.002901 -0.0018884 -0.0004812 0.0010135 0.0023066 0.0031824 0.0035274 0.003332 0.0026731 0.0016836 0.00052 -0.0006658 -0.0017482 -0.002638 -0.0032858 -0.0036782 -0.0038302 -0.003776 -0.0035604 -0.0032313 -0.002834 -0.0024085 -0.0019872 -0.0015949 -0.0012497 -0.0009635 -0.0007442 -0.000596 -0.0005215 -0.0005215 -0.000596 -0.0007442 -0.0009635 -0.0012497 -0.0015949 -0.0019872 -0.0024085 -0.002834 -0.0032313 -0.0035604 -0.003776 -0.0038302 -0.0036782 -0.0032858 -0.002638 -0.0017482 -0.0006658 0.00052 0.0016836 0.0026731 0.003332 0.0035274 0.0031824 0.0023066 0.0010135 -0.0004812 -0.0018884 -0.002901 -0.0032666 -0.002863 -0.0017521 -0.0001906 0.0014154 0.0026122 0.0030323 0.0025225 0.0012179 -0.0004728 -0.0019837 -0.0027805 -0.002562 -0.0013929 0.0002921 0.0018362 0.0026145 0.0022982 0.0010137 -0.0006874 -0.002053 -0.002464 -0.0017293 -0.0001946 0.0014031 0.0022831 0.0020101 0.0007265 -0.0009033 -0.0020272 -0.0020532 -0.0009751 0.0006109 0.0018247 0.0019905 0.0010246 
0.0007576 0.001896 0.001932 0.0008323 -0.0007766 -0.001977 -0.0020858 -0.0010326 0.0006126 0.0019625 0.0022944 0.0014282 -0.0001946 -0.0017531 -0.00247 -0.0019927 -0.0005493 0.001181 0.002401 0.0025626 0.001599 -6.89e-05 -0.0017366 -0.0027227 -0.0026423 -0.0015401 0.0001554 0.0018171 0.0028603 0.0029427 0.0020601 0.0005179 -0.0011943 -0.0025697 -0.0032344 -0.0030378 -0.0020667 -0.0005942 0.0010135 0.0023961 0.0032805 0.0035261 0.0031328 0.0022163 0.0009663 -0.0004016 -0.0016875 -0.0027362 -0.0034515 -0.0037972 -0.0037878 -0.0034747 -0.0029301 -0.0022331 -0.0014587 -0.0006703 8.33e-05 0.0007688 0.001367 0.0018702 0.0022788 0.0025991 0.0028396 0.0030099 0.0031183 0.0031709 0.0031709 0.0031183 0.0030099 0.0028396 0.0025991 0.0022788 0.0018702 0.001367 0.0007688 8.33e-05 -0.0006703 -0.0014587 -0.0022331 -0.0029301 -0.0034747 -0.0037878 -0.0037972 -0.0034515 -0.0027362 -0.0016875 -0.0004016 0.0009663 0.0022163 0.0031328 0.0035261 0.0032805 0.0023961 0.0010135 -0.0005942 -0.0020667 -0.0030378 -0.0032344 -0.0025697 -0.0011943 0.0005179 0.0020601 0.0029427 0.0028603 0.0018171 0.0001554 -0.0015401 -0.0026423 -0.0027227 -0.0017366 -6.89e-05 0.001599 0.0025626 0.002401 0.001181 -0.0005493 -0.0019927 -0.00247 -0.0017531 -0.0001946 0.0014282 0.0022944 0.0019625 0.0006126 -0.0010326 -0.0020858 -0.001977 -0.0007766 0.0008323 0.001932 0.001896 
0.0017413 0.0020214 0.0010868 -0.0005191 -0.0018569 -0.0021445 -0.0012056 0.0004393 0.0018766 0.0023122 0.0015019 -0.0001296 -0.0017293 -0.00247 -0.0019718 -0.0004795 0.0012789 0.00246 0.0025091 0.0014055 -0.0003511 -0.0019862 -0.0028 -0.0024587 -0.0011121 0.0006956 0.0022638 0.0030116 0.0026834 0.0014154 -0.0003438 -0.0020095 -0.0030631 -0.0032066 -0.0024298 -0.0009815 0.0007291 0.0022609 0.0032574 0.0035221 0.0030412 0.0019585 0.00052 -0.0009929 -0.0023245 -0.0032858 -0.0037749 -0.003776 -0.0033429 -0.0025755 -0.0015949 -0.0005215 0.0005409 0.0015132 0.0023445 0.0030099 0.0035065 0.003847 0.0040544 0.0041568 0.0041832 0.0041611 0.0041143 0.0040623 0.0040196 0.0039958 0.0039958 0.0040196 0.0040623 0.0041143 0.0041611 0.0041832 0.0041568 0.0040544 0.003847 0.0035065 0.0030099 0.0023445 0.0015132 0.0005409 -0.0005215 -0.0015949 -0.0025755 -0.0033429 -0.003776 -0.0037749 -0.0032858 -0.0023245 -0.0009929 0.00052 0.0019585 0.0030412 0.0035221 0.0032574 0.0022609 0.0007291 -0.0009815 -0.0024298 -0.0032066 -0.0030631 -0.0020095 -0.0003438 0.0014154 0.0026834 0.0030116 0.0022638 0.0006956 -0.0011121 -0.0024587 -0.0028 -0.0019862 -0.0003511 0.0014055 0.0025091 0.00246 0.0012789 -0.0004795 -0.0019718 -0.00247 -0.0017293 -0.0001296 0.0015019 0.0023122 0.0018766 0.0004393 -0.0012056 -0.0021445 -0.0018569 -0.0005191 0.0010868 0.0020214 
0.0020694 0.0013592 -0.0002017 -0.0016786 -0.002186 -0.0014122 0.0002053 0.0017434 0.0023265 0.001619 4e-07 -0.0016561 -0.002464 -0.0019927 -0.0004795 0.0013111 0.0024865 0.0024705 0.0012699 -0.0005515 -0.0021562 -0.002825 -0.0022694 -0.0007346 0.0011329 0.0025736 0.0030258 0.0023307 0.000764 -0.001097 -0.0026022 -0.0032577 -0.0028752 -0.0016036 0.0001513 0.0018741 0.0030991 0.0035316 0.0031032 0.0019585 0.00039 -0.0012504 -0.002638 -0.0035376 -0.0038344 -0.0035331 -0.0027337 -0.0015949 -0.0002961 0.0009952 0.0021453 0.0030647 0.0037091 0.0040737 0.0041832 0.0040813 0.0038202 0.0034534 0.0030302 0.002592 0.0021719 0.0017947 0.0014777 0.0012322 0.0010654 0.0009811 0.0009811 0.0010654 0.0012322 0.0014777 0.0017947 0.0021719 0.002592 0.0030302 0.0034534 0.0038202 0.0040813 0.0041832 0.0040737 0.0037091 0.0030647 0.0021453 0.0009952 -0.0002961 -0.0015949 -0.0027337 -0.0035331 -0.0038344 -0.0035376 -0.002638 -0.0012504 0.00039 0.0019585 0.0031032 0.0035316 0.0030991 0.0018741 0.0001513 -0.0016036 -0.0028752 -0.0032577 -0.0026022 -0.001097 0.000764 0.0023307 0.0030258 0.0025736 0.0011329 -0.0007346 -0.0022694 -0.002825 -0.0021562 -0.0005515 0.0012699 0.0024705 0.0024865 0.0013111 -0.0004795 -0.0019927 -0.002464 -0.0016561 4e-07 0.001619 0.0023265 0.0017434 0.0002053 -0.0014122 -0.002186 -0.0016786 -0.0002017 0.0013592 
0.0016269 0.0001708 -0.0014282 -0.0021887 -0.0016372 -8.82e-05 0.0015516 0.0023227 0.00177 0.0001946 -0.0015283 -0.0024464 -0.002053 -0.0005493 0.0012789 0.0024865 0.0024566 0.0012002 -0.0006708 -0.0022605 -0.0028236 -0.0021042 -0.0004286 0.0014664 0.0027727 0.002954 0.0019491 0.000166 -0.0017076 -0.002982 -0.0032166 -0.0023539 -0.0007062 0.0011815 0.0027266 0.0034899 0.0032885 0.0022163 0.0005847 -0.0011865 -0.0026875 -0.0036132 -0.0038151 -0.0033069 -0.0022331 -0.0008177 0.000693 0.0020775 0.0031709 0.003878 0.004172 0.0040813 0.0036721 0.0030302 0.0022445 0.0013965 0.0005525 -0.0002388 -0.0009459 -0.0015521 -0.0020525 -0.00245 -0.0027521 -0.002968 -0.0031063 -0.0031736 -0.0031736 -0.0031063 -0.002968 -0.0027521 -0.00245 -0.0020525 -0.0015521 -0.0009459 -0.0002388 0.0005525 0.0013965 0.0022445 0.0030302 0.0036721 0.0040813 0.004172 0.003878 0.0031709 0.0020775 0.000693 -0.0008177 -0.0022331 -0.0033069 -0.0038151 -0.0036132 -0.0026875 -0.0011865 0.0005847 0.0022163 0.0032885 0.0034899 0.0027266 0.0011815 -0.0007062 -0.0023539 -0.0032166 -0.002982 -0.0017076 0.000166 0.0019491 0.002954 0.0027727 0.0014664 -0.0004286 -0.0021042 -0.0028236 -0.0022605 -0.0006708 0.0012002 0.0024566 0.0024865 0.0012789 -0.0005493 -0.002053 -0.0024464 -0.0015283 0.0001946 0.00177 0.0023227 0.0015516 -8.82e-05 -0.0016372 -0.0021887 -0.0014282 0.0001708 
0.0005857 -0.0010948 -0.0021277 -0.0018589 -0.0004356 0.0012898 0.0022815 0.0019401 0.00045 -0.0013383 -0.0024062 -0.002145 -0.0006874 0.001181 0.00246 0.0024705 0.0012002 -0.0007103 -0.0023097 -0.0028151 -0.0019837 -0.0002056 0.0017035 0.0028905 0.0028422 0.001588 -0.0003438 -0.0021714 -0.0031856 -0.0030171 -0.0017485 0.0001513 0.0020233 0.0032574 0.0034858 0.0026731 0.0010905 -0.0007972 -0.0024846 -0.003564 -0.0038151 -0.0032313 -0.0019872 -0.0003715 0.0012934 0.0027212 0.0037091 0.0041568 0.0040623 0.0035001 0.002592 0.0014777 0.0002907 -0.000858 -0.0018882 -0.0027521 -0.0034306 -0.0039271 -0.0042613 -0.0044614 -0.0045598 -0.0045882 -0.0045751 -0.0045443 -0.0045137 -0.0044953 -0.0044953 -0.0045137 -0.0045443 -0.0045751 -0.0045882 -0.0045598 -0.0044614 -0.0042613 -0.0039271 -0.0034306 -0.0027521 -0.0018882 -0.000858 0.0002907 0.0014777 0.002592 0.0035001 0.0040623 0.0041568 0.0037091 0.0027212 0.0012934 -0.0003715 -0.0019872 -0.0032313 -0.0038151 -0.003564 -0.0024846 -0.0007972 0.0010905 0.0026731 0.0034858 0.0032574 0.0020233 0.0001513 -0.0017485 -0.0030171 -0.0031856 -0.0021714 -0.0003438 0.001588 0.0028422 0.0028905 0.0017035 -0.0002056 -0.0019837 -0.0028151 -0.0023097 -0.0007103 0.0012002 0.0024705 0.00246 0.001181 -0.0006874 -0.002145 -0.0024062 -0.0013383 0.00045 0.0019401 0.0022815 0.0012898 -0.0004356 -0.0018589 -0.0021277 -0.0010948 
-0.0006746 -0.001977 -0.0020481 -0.0008237 0.000949 0.0021802 0.0021085 0.0007596 -0.0010779 -0.0023275 -0.0022559 -0.0008895 0.0010137 0.002401 0.0025091 0.0012699 -0.0006708 -0.0023097 -0.0028109 -0.0019204 -7.06e-05 0.0018542 0.0029537 0.0027274 0.0012815 -0.0007494 -0.0025028 -0.0032612 -0.0027339 -0.0011426 0.0009003 0.0026483 0.0034988 0.0031888 0.0018505 -7.05e-05 -0.0019858 -0.0033553 -0.0038344 -0.0033429 -0.0020499 -0.0002961 0.0015132 0.0030099 0.0039357 0.0041748 0.0037492 0.002787 0.0014777 2.66e-05 -0.0013809 -0.002603 -0.0035511 -0.0041879 -0.0045193 -0.0045814 -0.0044284 -0.0041211 -0.0037189 -0.0032746 -0.0028316 -0.0024233 -0.0020741 -0.0018005 -0.0016131 -0.001518 -0.001518 -0.0016131 -0.0018005 -0.0020741 -0.0024233 -0.0028316 -0.0032746 -0.0037189 -0.0041211 -0.0044284 -0.0045814 -0.0045193 -0.0041879 -0.0035511 -0.002603 -0.0013809 2.66e-05 0.0014777 0.002787 0.0037492 0.0041748 0.0039357 0.0030099 0.0015132 -0.0002961 -0.0020499 -0.0033429 -0.0038344 -0.0033553 -0.0019858 -7.05e-05 0.0018505 0.0031888 0.0034988 0.0026483 0.0009003 -0.0011426 -0.0027339 -0.0032612 -0.0025028 -0.0007494 0.0012815 0.0027274 0.0029537 0.0018542 -7.06e-05 -0.0019204 -0.0028109 -0.0023097 -0.0006708 0.0012699 0.0025091 0.002401 0.0010137 -0.0008895 -0.0022559 -0.0023275 -0.0010779 0.0007596 0.0021085 0.0021802 0.000949 -0.0008237 -0.0020481 -0.001977 
-0.0017135 -0.0021697 -0.0012294 0.0005263 0.0019945 0.0022476 0.0011097 -0.0007404 -0.0021904 -0.0023662 -0.0011475 0.0007723 0.0022982 0.0025626 0.0014055 -0.0005515 -0.0022605 -0.0028151 -0.0019204 -2.55e-05 0.0019271 0.0029829 0.0026366 0.001051 -0.0010479 -0.0027252 -0.0032574 -0.0024298 -0.0005942 0.0015093 0.0030695 0.0035171 0.0027141 0.0009663 -0.0011222 -0.0028771 -0.0037749 -0.0035865 -0.0024085 -0.000596 0.001367 0.0030099 0.0039877 0.004141 0.0035001 0.0022445 0.0006391 -0.0010335 -0.002527 -0.0036659 -0.004358 -0.0045882 -0.0044021 -0.0038834 -0.003133 -0.0022511 -0.0013253 -0.0004246 0.0004026 0.0011273 0.0017358 0.0022259 0.0026025 0.002874 0.003049 0.0031346 0.0031346 0.003049 0.002874 0.0026025 0.0022259 0.0017358 0.0011273 0.0004026 -0.0004246 -0.0013253 -0.0022511 -0.003133 -0.0038834 -0.0044021 -0.0045882 -0.004358 -0.0036659 -0.002527 -0.0010335 0.0006391 0.0022445 0.0035001 0.004141 0.0039877 0.0030099 0.001367 -0.000596 -0.0024085 -0.0035865 -0.0037749 -0.0028771 -0.0011222 0.0009663 0.0027141 0.0035171 0.0030695 0.0015093 -0.0005942 -0.0024298 -0.0032574 -0.0027252 -0.0010479 0.001051 0.0026366 0.0029829 0.0019271 -2.55e-05 -0.0019204 -0.0028151 -0.0022605 -0.0005515 0.0014055 0.0025626 0.0022982 0.0007723 -0.0011475 -0.0023662 -0.0021904 -0.0007404 0.0011097 0.0022476 0.0019945 0.0005263 -0.0012294 -0.0021697 
-0.0021842 -0.0016181 2.91e-05 0.0017026 0.0023234 0.0014776 -0.0003245 -0.0019734 -0.0024501 -0.0014473 0.000453 0.0021358 0.0026145 0.001599 -0.0003511 -0.0021562 -0.0028236 -0.0019837 -7.06e-05 0.0019271 0.0029912 0.002587 0.0009088 -0.0012425 -0.002863 -0.0032166 -0.0021521 -0.0001378 0.0019741 0.0033237 0.0033894 0.0021662 0.0001277 -0.0019858 -0.0034515 -0.0038073 -0.0029765 -0.0012497 0.0008445 0.0027212 0.0039076 0.0041519 0.0034534 0.0020238 0.0002029 -0.001637 -0.0031736 -0.0041879 -0.0045828 -0.0043738 -0.0036606 -0.0025906 -0.0013253 -1.25e-05 0.0012299 0.0023215 0.0032189 0.0039101 0.0044065 0.0047349 0.0049297 0.005027 0.0050609 0.0050601 0.005047 0.0050366 0.0050366 0.005047 0.0050601 0.0050609 0.005027 0.0049297 0.0047349 0.0044065 0.0039101 0.0032189 0.0023215 0.0012299 -1.25e-05 -0.0013253 -0.0025906 -0.0036606 -0.0043738 -0.0045828 -0.0041879 -0.0031736 -0.001637 0.0002029 0.0020238 0.0034534 0.0041519 0.0039076 0.0027212 0.0008445 -0.0012497 -0.0029765 -0.0038073 -0.0034515 -0.0019858 0.0001277 0.0021662 0.0033894 0.0033237 0.0019741 -0.0001378 -0.0021521 -0.0032166 -0.002863 -0.0012425 0.0009088 0.002587 0.0029912 0.0019271 -7.06e-05 -0.0019837 -0.0028236 -0.0021562 -0.0003511 0.001599 0.0026145 0.0021358 0.000453 -0.0014473 -0.0024501 -0.0019734 -0.0003245 0.0014776 0.0023234 0.0017026 2.91e-05 -0.0016181 
-0.0019435 -0.0005207 0.0012898 0.0022981 0.0018298 0.0001623 -0.0016561 -0.0024755 -0.0017664 5.63e-05 0.0018954 0.0026417 0.0018362 -6.89e-05 -0.0019862 -0.002825 -0.0021042 -0.0002056 0.0018542 0.0029829 0.002587 0.0008608 -0.0013382 -0.0029367 -0.0031713 -0.0019339 0.0002093 0.0023066 0.0034569 0.0031888 0.0016267 -0.0005999 -0.002638 -0.0037477 -0.0035604 -0.0021729 -6.89e-05 0.0020775 0.003632 0.0041832 0.0036313 0.0021719 0.0002029 -0.0018051 -0.0034306 -0.0043866 -0.0045566 -0.0039841 -0.0028316 -0.0013253 0.0002987 0.0018353 0.0031346 0.0041104 0.0047349 0.005027 0.0050366 0.0048299 0.0044769 0.0040435 0.0035861 0.0031496 0.0027677 0.002464 0.002254 0.0021469 0.0021469 0.002254 0.002464 0.0027677 0.0031496 0.0035861 0.0040435 0.0044769 0.0048299 0.0050366 0.005027 0.0047349 0.0041104 0.0031346 0.0018353 0.0002987 -0.0013253 -0.0028316 -0.0039841 -0.0045566 -0.0043866 -0.0034306 -0.0018051 0.0002029 0.0021719 0.0036313 0.0041832 0.003632 0.0020775 -6.89e-05 -0.0021729 -0.0035604 -0.0037477 -0.002638 -0.0005999 0.0016267 0.0031888 0.0034569 0.0023066 0.0002093 -0.0019339 -0.0031713 -0.0029367 -0.0013382 0.0008608 0.002587 0.0029829 0.0018542 -0.0002056 -0.0021042 -0.002825 -0.0019862 -6.89e-05 0.0018362 0.0026417 0.0018954 5.63e-05 -0.0017664 -0.0024755 -0.0016561 0.0001623 0.0018298 0.0022981 0.0012898 -0.0005207 
-0.001083 0.0007548 0.0021343 0.0021216 0.0006988 -0.0012246 -0.0024062 -0.0020722 -0.0004091 0.0015592 0.0026146 0.0020952 0.0002921 -0.0017366 -0.0028 -0.0022694 -0.0004286 0.0017035 0.0029537 0.0026366 0.0009088 -0.0013382 -0.0029598 -0.0031432 -0.0017957 0.000441 0.0025254 0.0035134 0.0029752 0.0011521 -0.0011865 -0.0030937 -0.0038343 -0.0031509 -0.0013199 0.0009952 0.0030099 0.0040914 0.0039436 0.0026581 0.0006391 -0.0015521 -0.0033683 -0.0044134 -0.0045137 -0.0037189 -0.0022511 -0.0004246 0.0014337 0.003049 0.0042347 0.004903 0.0050548 0.0047563 0.0041123 0.0032407 0.002254 0.0012465 0.0002893 -0.0005703 -0.0013061 -0.0019076 -0.0023751 -0.002715 -0.0029356 -0.0030438 -0.0030438 -0.0029356 -0.002715 -0.0023751 -0.0019076 -0.0013061 -0.0005703 0.0002893 0.0012465 0.002254 0.0032407 0.0041123 0.0047563 0.0050548 0.004903 0.0042347 0.003049 0.0014337 -0.0004246 -0.0022511 -0.0037189 -0.0045137 -0.0044134 -0.0033683 -0.0015521 0.0006391 0.0026581 0.0039436 0.0040914 0.0030099 0.0009952 -0.0013199 -0.0031509 -0.0038343 -0.0030937 -0.0011865 0.0011521 0.0029752 0.0035134 0.0025254 0.000441 -0.0017957 -0.0031432 -0.0029598 -0.0013382 0.0009088 0.0026366 0.0029537 0.0017035 -0.0004286 -0.0022694 -0.0028 -0.0017366 0.0002921 0.0020952 0.0026146 0.0015592 -0.0004091 -0.0020722 -0.0024062 -0.0012246 0.0006988 0.0021216 0.0021343 0.0007548 
0.0001172 0.0018023 0.0022995 0.0012467 -0.0006774 -0.002206 -0.0023217 -0.0009225 0.0011147 0.002499 0.0023446 0.0007221 -0.0013929 -0.0027227 -0.0024587 -0.0007346 0.0014664 0.0028905 0.0027274 0.001051 -0.0012425 -0.0029367 -0.0031432 -0.0017485 0.0005565 0.0026483 0.0035299 0.0027933 0.000777 -0.0016263 -0.0033885 -0.0037878 -0.002682 -0.0005215 0.0018702 0.003632 0.0041748 0.0033559 0.0014777 -0.000858 -0.002968 -0.0042953 -0.0045443 -0.0037189 -0.0020741 -1.25e-05 0.0020322 0.003694 0.0047349 0.0050629 0.0047158 0.0038243 0.0025667 0.0011294 -0.000324 -0.0016689 -0.0028259 -0.003758 -0.0044618 -0.0049581 -0.0052817 -0.005473 -0.0055718 -0.0056134 -0.0056252 -0.0056263 -0.0056263 -0.0056252 -0.0056134 -0.0055718 -0.005473 -0.0052817 -0.0049581 -0.0044618 -0.003758 -0.0028259 -0.0016689 -0.000324 0.0011294 0.0025667 0.0038243 0.0047158 0.0050629 0.0047349 0.003694 0.0020322 -1.25e-05 -0.0020741 -0.0037189 -0.0045443 -0.0042953 -0.002968 -0.000858 0.0014777 0.0033559 0.0041748 0.003632 0.0018702 -0.0005215 -0.002682 -0.0037878 -0.0033885 -0.0016263 0.000777 0.0027933 0.0035299 0.0026483 0.0005565 -0.0017485 -0.0031432 -0.0029367 -0.0012425 0.001051 0.0027274 0.0028905 0.0014664 -0.0007346 -0.0024587 -0.0027227 -0.0013929 0.0007221 0.0023446 0.002499 0.0011147 -0.0009225 -0.0023217 -0.002206 -0.0006774 0.0012467 0.0022995 0.0018023 
0.0012898 0.0023071 0.0017494 -3.21e-05 -0.0018452 -0.0024631 -0.0014473 0.0005602 0.0022603 0.0025428 0.0012002 -0.0009448 -0.002562 -0.0026423 -0.0011121 0.0011329 0.0027727 0.0028422 0.0012815 -0.0010479 -0.002863 -0.0031713 -0.0017957 0.0005565 0.0026878 0.0035316 0.0026731 0.00052 -0.0019272 -0.003564 -0.0036779 -0.0022331 0.0001595 0.0025367 0.0039877 0.0039958 0.002592 0.0002907 -0.0021336 -0.0039271 -0.0045882 -0.0039841 -0.0023378 -0.000116 0.0021294 0.0039101 0.004903 0.0049904 0.004243 0.0028657 0.0011294 -0.0006935 -0.0023751 -0.003758 -0.0047603 -0.005367 -0.0056134 -0.0055654 -0.0053032 -0.0049072 -0.0044499 -0.0039913 -0.0035776 -0.0032422 -0.0030076 -0.0028871 -0.0028871 -0.0030076 -0.0032422 -0.0035776 -0.0039913 -0.0044499 -0.0049072 -0.0053032 -0.0055654 -0.0056134 -0.005367 -0.0047603 -0.003758 -0.0023751 -0.0006935 0.0011294 0.0028657 0.004243 0.0049904 0.004903 0.0039101 0.0021294 -0.000116 -0.0023378 -0.0039841 -0.0045882 -0.0039271 -0.0021336 0.0002907 0.002592 0.0039958 0.0039877 0.0025367 0.0001595 -0.0022331 -0.0036779 -0.003564 -0.0019272 0.00052 0.0026731 0.0035316 0.0026878 0.0005565 -0.0017957 -0.0031713 -0.002863 -0.0010479 0.0012815 0.0028422 0.0027727 0.0011329 -0.0011121 -0.0026423 -0.002562 -0.0009448 0.0012002 0.0025428 0.0022603 0.0005602 -0.0014473 -0.0024631 -0.0018452 -3.21e-05 0.0017494 0.0023071 
0.002096 0.0021342 0.0006682 -0.0013102 -0.0024408 -0.0019289 -8.79e-05 0.0018692 0.0026396 0.0016909 -0.0003913 -0.0022853 -0.0027805 -0.0015401 0.0006956 0.0025736 0.002954 0.001588 -0.0007494 -0.0027252 -0.0032166 -0.0019339 0.000441 0.0026483 0.0035316 0.0026312 0.00039 -0.0021012 -0.0036577 -0.0035604 -0.0018594 0.000693 0.0030099 0.0041468 0.0036721 0.0017947 -0.0007699 -0.0031063 -0.0044383 -0.0043738 -0.0029853 -0.0007299 0.0017358 0.0037677 0.004903 0.004947 0.0039726 0.002254 0.0001672 -0.0019076 -0.0036611 -0.0048948 -0.0055286 -0.0055837 -0.0051521 -0.0043636 -0.0033563 -0.0022558 -0.0011635 -0.0001519 0.0007335 0.0014695 0.0020487 0.0024737 0.0027511 0.0028877 0.0028877 0.0027511 0.0024737 0.0020487 0.0014695 0.0007335 -0.0001519 -0.0011635 -0.0022558 -0.0033563 -0.0043636 -0.0051521 -0.0055837 -0.0055286 -0.0048948 -0.0036611 -0.0019076 0.0001672 0.002254 0.0039726 0.004947 0.004903 0.0037677 0.0017358 -0.0007299 -0.0029853 -0.0043738 -0.0044383 -0.0031063 -0.0007699 0.0017947 0.0036721 0.0041468 0.0030099 0.000693 -0.0018594 -0.0035604 -0.0036577 -0.0021012 0.00039 0.0026312 0.0035316 0.0026483 0.000441 -0.0019339 -0.0032166 -0.0027252 -0.0007494 0.001588 0.002954 0.0025736 0.0006956 -0.0015401 -0.0027805 -0.0022853 -0.0003913 0.0016909 0.0026396 0.0018692 -8.79e-05 -0.0019289 -0.0024408 -0.0013102 0.0006682 0.0021342 
0.0023212 0.001352 -0.0006139 -0.002206 -0.0022968 -0.0007893 0.0013111 0.0025806 0.0021416 0.0002523 -0.0018645 -0.002825 -0.0019837 0.0001554 0.0022638 0.0030258 0.0019491 -0.0003438 -0.0025028 -0.0032574 -0.0021521 0.0002093 0.0025254 0.0035299 0.0026731 0.00039 -0.002158 -0.0036974 -0.0034747 -0.0015949 0.0010702 0.0033218 0.0041832 0.003305 0.0010654 -0.001637 -0.003775 -0.0045882 -0.0038304 -0.0018005 0.0008178 0.0032189 0.0047349 0.0050084 0.0040435 0.0021469 -0.0002009 -0.0024895 -0.0042986 -0.005367 -0.0056104 -0.0050955 -0.0039913 -0.0025138 -0.0008784 0.0007335 0.0021914 0.0034187 0.0043867 0.0051031 0.0055992 0.0059186 0.0061075 0.0062084 0.0062556 0.0062732 0.0062732 0.0062556 0.0062084 0.0061075 0.0059186 0.0055992 0.0051031 0.0043867 0.0034187 0.0021914 0.0007335 -0.0008784 -0.0025138 -0.0039913 -0.0050955 -0.0056104 -0.005367 -0.0042986 -0.0024895 -0.0002009 0.0021469 0.0040435 0.0050084 0.0047349 0.0032189 0.0008178 -0.0018005 -0.0038304 -0.0045882 -0.003775 -0.001637 0.0010654 0.003305 0.0041832 0.0033218 0.0010702 -0.0015949 -0.0034747 -0.0036974 -0.002158 0.00039 0.0026731 0.0035299 0.0025254 0.0002093 -0.0021521 -0.0032574 -0.0025028 -0.0003438 0.0019491 0.0030258 0.0022638 0.0001554 -0.0019837 -0.002825 -0.0018645 0.0002523 0.0021416 0.0025806 0.0013111 -0.0007893 -0.0022968 -0.002206 -0.0006139 0.001352 
0.0019226 0.0001946 -0.0017293 -0.0024718 -0.0014757 0.0005958 0.0023165 0.0024839 0.0009477 -0.0012841 -0.0027227 -0.002392 -0.0004728 0.0018171 0.0030116 0.0023307 0.000166 -0.0021714 -0.0032612 -0.0024298 -0.0001378 0.0023066 0.0035134 0.0027933 0.00052 -0.0021012 -0.0036974 -0.0034436 -0.0014587 0.0012934 0.0035065 0.0041611 0.0029712 0.0004655 -0.0022935 -0.0041879 -0.0044953 -0.003133 -0.0006286 0.0021294 0.0042347 0.0050609 0.0044219 0.0025667 4.48e-05 -0.0024895 -0.0044618 -0.0055023 -0.0054912 -0.0045334 -0.0028871 -0.0008784 0.0011761 0.0030229 0.0044972 0.0055248 0.0061075 0.006301 0.006191 0.0058734 0.0054403 0.0049711 0.0045292 0.0041614 0.0039 0.0037647 0.0037647 0.0039 0.0041614 0.0045292 0.0049711 0.0054403 0.0058734 0.006191 0.006301 0.0061075 0.0055248 0.0044972 0.0030229 0.0011761 -0.0008784 -0.0028871 -0.0045334 -0.0054912 -0.0055023 -0.0044618 -0.0024895 4.48e-05 0.0025667 0.0044219 0.0050609 0.0042347 0.0021294 -0.0006286 -0.003133 -0.0044953 -0.0041879 -0.0022935 0.0004655 0.0029712 0.0041611 0.0035065 0.0012934 -0.0014587 -0.0034436 -0.0036974 -0.0021012 0.00052 0.0027933 0.0035134 0.0023066 -0.0001378 -0.0024298 -0.0032612 -0.0021714 0.000166 0.0023307 0.0030116 0.0018171 -0.0004728 -0.002392 -0.0027227 -0.0012841 0.0009477 0.0024839 0.0023165 0.0005958 -0.0014757 -0.0024718 -0.0017293 0.0001946 
0.0010248 -0.0010179 -0.00238 -0.002053 -0.0002314 0.0018159 0.0026396 0.00163 -0.0005515 -0.002424 -0.0026985 -0.0011527 0.0012179 0.0028603 0.0026834 0.000764 -0.0017076 -0.0031856 -0.0027339 -0.0005942 0.0019741 0.0034569 0.0029752 0.000777 -0.0019272 -0.0036577 -0.0034747 -0.0014587 0.001367 0.0035914 0.0041285 0.0027232 2.66e-05 -0.0027521 -0.0044134 -0.0042772 -0.0024233 0.0004026 0.0031346 0.004809 0.0048934 0.0034173 0.0008926 -0.0019076 -0.0042136 -0.005473 -0.0054601 -0.0042746 -0.0022558 0.0001425 0.0024737 0.0043867 0.0056702 0.0062556 0.006191 0.0056008 0.004645 0.0034851 0.0022617 0.0010829 2.24e-05 -0.0008765 -0.0015942 -0.0021259 -0.0024754 -0.0026483 -0.0026483 -0.0024754 -0.0021259 -0.0015942 -0.0008765 2.24e-05 0.0010829 0.0022617 0.0034851 0.004645 0.0056008 0.006191 0.0062556 0.0056702 0.0043867 0.0024737 0.0001425 -0.0022558 -0.0042746 -0.0054601 -0.005473 -0.0042136 -0.0019076 0.0008926 0.0034173 0.0048934 0.004809 0.0031346 0.0004026 -0.0024233 -0.0042772 -0.0044134 -0.0027521 2.66e-05 0.0027232 0.0041285 0.0035914 0.001367 -0.0014587 -0.0034747 -0.0036577 -0.0019272 0.000777 0.0029752 0.0034569 0.0019741 -0.0005942 -0.0027339 -0.0031856 -0.0017076 0.000764 0.0026834 0.0028603 0.0012179 -0.0011527 -0.0026985 -0.002424 -0.0005515 0.00163 0.0026396 0.0018159 -0.0002314 -0.002053 -0.00238 -0.0010179 
