131 131
0.0279159 0.027781 0.0272922 0.026456 0.0252832 0.023789 0.0219922 0.0199151 0.0175831 0.015024 0.012268 0.0093466 0.0062926 0.0031393 -7.98e-05 -0.0033313 -0.0065829 -0.0098032 -0.0129623 -0.0160323 -0.0189872 -0.0218036 -0.0244604 -0.0269393 -0.0292248 -0.0313042 -0.0331678 -0.0348084 -0.0362219 -0.0374066 -0.0383634 -0.0390956 -0.0396085 -0.0399096 -0.040008 -0.0399144 -0.0396409 -0.0392005 -0.0386073 -0.0378759 -0.0370215 -0.0360595 -0.0350053 -0.0338744 -0.032682 -0.031443 -0.0301716 -0.0288817 -0.0275866 -0.0262986 -0.0250295 -0.0237903 -0.0225911 -0.0214412 -0.0203491 -0.0193226 -0.0183686 -0.0174933 -0.0167021 -0.0159999 -0.0153907 -0.0148779 -0.0144644 -0.0141523 -0.0139433 -0.0138386 -0.0138386 -0.0139433 -0.0141523 -0.0144644 -0.0148779 -0.0153907 -0.0159999 -0.0167021 -0.0174933 -0.0183686 -0.0193226 -0.0203491 -0.0214412 -0.0225911 -0.0237903 -0.0250295 -0.0262986 -0.0275866 -0.0288817 -0.0301716 -0.031443 -0.032682 -0.0338744 -0.0350053 -0.0360595 -0.0370215 -0.0378759 -0.0386073 -0.0392005 -0.0396409 -0.0399144 -0.040008 -0.0399096 -0.0396085 -0.0390956 -0.0383634 -0.0374066 -0.0362219 -0.0348084 -0.0331678 -0.0313042 -0.0292248 -0.0269393 -0.0244604 -0.0218036 -0.0189872 -0.0160323 -0.0129623 -0.0098032 -0.0065829 -0.0033313 -7.98e-05 0.0031393 0.0062926 0.0093466 0.012268 0.015024 0.0175831 0.0199151 0.0219922 0.023789 0.0252832 0.026456 0.0272922 0.027781 
0.027781 0.0272817 0.0264236 0.0252176 0.0236793 0.021828 0.019687 0.0172828 0.0146446 0.011804 0.0087942 0.00565 0.0024065 -0.0009008 -0.0042366 -0.0075665 -0.0108571 -0.0140769 -0.017196 -0.0201869 -0.0230247 -0.025687 -0.0281546 -0.0304111 -0.0324432 -0.0342407 -0.0357963 -0.0371059 -0.0381682 -0.0389844 -0.0395586 -0.039897 -0.040008 -0.0399018 -0.0395905 -0.0390874 -0.038407 -0.0375648 -0.036577 -0.0354602 -0.0342311 -0.0329069 -0.0315042 -0.0300396 -0.0285291 -0.0269883 -0.025432 -0.0238744 -0.0223288 -0.0208077 -0.0193226 -0.0178842 -0.0165025 -0.0151861 -0.0139433 -0.0127812 -0.0117063 -0.010724 -0.0098395 -0.0090568 -0.0083796 -0.0078109 -0.0073531 -0.0070081 -0.0067774 -0.0066618 -0.0066618 -0.0067774 -0.0070081 -0.0073531 -0.0078109 -0.0083796 -0.0090568 -0.0098395 -0.010724 -0.0117063 -0.0127812 -0.0139433 -0.0151861 -0.0165025 -0.0178842 -0.0193226 -0.0208077 -0.0223288 -0.0238744 -0.025432 -0.0269883 -0.0285291 -0.0300396 -0.0315042 -0.0329069 -0.0342311 -0.0354602 -0.036577 -0.0375648 -0.038407 -0.0390874 -0.0395905 -0.0399018 -0.040008 -0.039897 -0.0395586 -0.0389844 -0.0381682 -0.0371059 -0.0357963 -0.0342407 -0.0324432 -0.0304111 -0.0281546 -0.025687 -0.0230247 -0.0201869 -0.017196 -0.0140769 -0.0108571 -0.0075665 -0.0042366 -0.0009008 0.0024065 0.00565 0.0087942 0.011804 0.0146446 0.0172828 0.019687 0.021828 0.0236793 0.0252176 0.0264236 0.0272817 
0.0272922 0.0264236 0.0251956 0.0236238 0.0217284 0.0195332 0.0170658 0.0143568 0.0114392 0.0083479 0.0051194 0.001791 -0.0015999 -0.005016 -0.0084208 -0.0117789 -0.0150568 -0.0182227 -0.0212475 -0.0241047 -0.0267706 -0.0292248 -0.0314499 -0.033432 -0.0351603 -0.0366276 -0.0378295 -0.0387651 -0.0394361 -0.0398472 -0.0400055 -0.0399204 -0.0396034 -0.0390678 -0.0383283 -0.0374011 -0.036303 -0.0350518 -0.0336657 -0.0321631 -0.0305623 -0.0288817 -0.0271392 -0.025352 -0.0235368 -0.0217096 -0.0198855 -0.0180786 -0.016302 -0.014568 -0.0128878 -0.0112714 -0.0097282 -0.0082662 -0.0068928 -0.0056145 -0.0044369 -0.0033649 -0.0024026 -0.0015536 -0.0008208 -0.0002067 0.0002868 0.0006582 0.0009064 0.0010307 0.0010307 0.0009064 0.0006582 0.0002868 -0.0002067 -0.0008208 -0.0015536 -0.0024026 -0.0033649 -0.0044369 -0.0056145 -0.0068928 -0.0082662 -0.0097282 -0.0112714 -0.0128878 -0.014568 -0.016302 -0.0180786 -0.0198855 -0.0217096 -0.0235368 -0.025352 -0.0271392 -0.0288817 -0.0305623 -0.0321631 -0.0336657 -0.0350518 -0.036303 -0.0374011 -0.0383283 -0.0390678 -0.0396034 -0.0399204 -0.0400055 -0.0398472 -0.0394361 -0.0387651 -0.0378295 -0.0366276 -0.0351603 -0.033432 -0.0314499 -0.0292248 -0.0267706 -0.0241047 -0.0212475 -0.0182227 -0.0150568 -0.0117789 -0.0084208 -0.005016 -0.0015999 0.001791 0.0051194 0.0083479 0.0114392 0.0143568 0.0170658 0.0195332 0.0217284 0.0236238 0.0251956 0.0264236 
0.026456 0.0252176 0.0236238 0.021695 0.0194558 0.0169347 0.0141634 0.0111765 0.0080106 0.0047039 0.0012956 -0.0021748 -0.0056677 -0.0091447 -0.0125682 -0.0159025 -0.0191142 -0.0221721 -0.0250481 -0.0277172 -0.0301574 -0.0323507 -0.034282 -0.0359404 -0.0373179 -0.0384106 -0.0392175 -0.0397409 -0.0399861 -0.0399611 -0.0396765 -0.0391449 -0.038381 -0.0374011 -0.0362227 -0.0348645 -0.0333459 -0.0316866 -0.0299067 -0.0280262 -0.0260649 -0.024042 -0.0219762 -0.0198855 -0.0177868 -0.0156962 -0.0136286 -0.0115978 -0.0096167 -0.0076967 -0.0058483 -0.0040808 -0.0024026 -0.0008208 0.0006582 0.002029 0.0032869 0.0044281 0.0054493 0.0063477 0.0071213 0.0077683 0.0082874 0.0086776 0.008938 0.0090684 0.0090684 0.008938 0.0086776 0.0082874 0.0077683 0.0071213 0.0063477 0.0054493 0.0044281 0.0032869 0.002029 0.0006582 -0.0008208 -0.0024026 -0.0040808 -0.0058483 -0.0076967 -0.0096167 -0.0115978 -0.0136286 -0.0156962 -0.0177868 -0.0198855 -0.0219762 -0.024042 -0.0260649 -0.0280262 -0.0299067 -0.0316866 -0.0333459 -0.0348645 -0.0362227 -0.0374011 -0.038381 -0.0391449 -0.0396765 -0.0399611 -0.0399861 -0.0397409 -0.0392175 -0.0384106 -0.0373179 -0.0359404 -0.034282 -0.0323507 -0.0301574 -0.0277172 -0.0250481 -0.0221721 -0.0191142 -0.0159025 -0.0125682 -0.0091447 -0.0056677 -0.0021748 0.0012956 0.0047039 0.0080106 0.0111765 0.0141634 0.0169347 0.0194558 0.021695 0.0236238 0.0252176 
0.0252832 0.0236793 0.0217284 0.0194558 0.0168908 0.0140663 0.0110181 0.0077846 0.0044056 0.0009223 -0.0026235 -0.0061903 -0.0097373 -0.0132249 -0.0166152 -0.0198726 -0.0229641 -0.0258598 -0.0285331 -0.0309607 -0.0331233 -0.0350052 -0.0365946 -0.0378833 -0.0388673 -0.0395457 -0.0399214 -0.0400002 -0.0397912 -0.039306 -0.0385585 -0.0375648 -0.0363428 -0.0349117 -0.0332918 -0.0315042 -0.0295705 -0.0275126 -0.025352 -0.02311 -0.0208077 -0.0184649 -0.0161008 -0.0137337 -0.0113804 -0.0090568 -0.0067774 -0.0045553 -0.0024026 -0.0003297 0.0016538 0.0035398 0.0053213 0.0069922 0.0085474 0.0099829 0.0112951 0.0124813 0.0135395 0.0144679 0.0152653 0.0159309 0.0164639 0.016864 0.0171309 0.0172643 0.0172643 0.0171309 0.016864 0.0164639 0.0159309 0.0152653 0.0144679 0.0135395 0.0124813 0.0112951 0.0099829 0.0085474 0.0069922 0.0053213 0.0035398 0.0016538 -0.0003297 -0.0024026 -0.0045553 -0.0067774 -0.0090568 -0.0113804 -0.0137337 -0.0161008 -0.0184649 -0.0208077 -0.02311 -0.025352 -0.0275126 -0.0295705 -0.0315042 -0.0332918 -0.0349117 -0.0363428 -0.0375648 -0.0385585 -0.039306 -0.0397912 -0.0400002 -0.0399214 -0.0395457 -0.0388673 -0.0378833 -0.0365946 -0.0350052 -0.0331233 -0.0309607 -0.0285331 -0.0258598 -0.0229641 -0.0198726 -0.0166152 -0.0132249 -0.0097373 -0.0061903 -0.0026235 0.0009223 0.0044056 0.0077846 0.0110181 0.0140663 0.0168908 0.0194558 0.0217284 0.0236793 
0.023789 0.021828 0.0195332 0.0169347 0.0140663 0.0109652 0.0076712 0.004226 0.0006727 -0.0029448 -0.0065829 -0.0101984 -0.0137495 -0.017196 -0.0205001 -0.023627 -0.0265447 -0.0292248 -0.0316427 -0.0337777 -0.0356132 -0.0371367 -0.0383396 -0.0392175 -0.0397699 -0.04 -0.0399144 -0.0395229 -0.0388383 -0.0378759 -0.0366533 -0.0351899 -0.0335068 -0.031626 -0.0295705 -0.0273639 -0.0250295 -0.0225911 -0.0200715 -0.0174933 -0.0148779 -0.0122459 -0.0096167 -0.0070081 -0.0044369 -0.0019182 0.0005343 0.0029084 0.0051934 0.0073799 0.0094599 0.0114266 0.0132746 0.0149993 0.0165972 0.0180657 0.0194026 0.0206068 0.0216774 0.0226139 0.0234162 0.0240843 0.0246184 0.0250187 0.0252854 0.0254187 0.0254187 0.0252854 0.0250187 0.0246184 0.0240843 0.0234162 0.0226139 0.0216774 0.0206068 0.0194026 0.0180657 0.0165972 0.0149993 0.0132746 0.0114266 0.0094599 0.0073799 0.0051934 0.0029084 0.0005343 -0.0019182 -0.0044369 -0.0070081 -0.0096167 -0.0122459 -0.0148779 -0.0174933 -0.0200715 -0.0225911 -0.0250295 -0.0273639 -0.0295705 -0.031626 -0.0335068 -0.0351899 -0.0366533 -0.0378759 -0.0388383 -0.0395229 -0.0399144 -0.04 -0.0397699 -0.0392175 -0.0383396 -0.0371367 -0.0356132 -0.0337777 -0.0316427 -0.0292248 -0.0265447 -0.023627 -0.0205001 -0.017196 -0.0137495 -0.0101984 -0.0065829 -0.0029448 0.0006727 0.004226 0.0076712 0.0109652 0.0140663 0.0169347 0.0195332 0.021828 
0.0219922 0.019687 0.0170658 0.0141634 0.0110181 0.0076712 0.004166 0.0005477 -0.003138 -0.0068449 -0.0105278 -0.0141423 -0.0176461 -0.0209991 -0.0241641 -0.0271072 -0.0297983 -0.032211 -0.0343233 -0.0361173 -0.0375799 -0.0387018 -0.0394785 -0.0399096 -0.0399984 -0.0397524 -0.0391822 -0.0383017 -0.0371277 -0.0356792 -0.0339775 -0.0320453 -0.0299067 -0.0275866 -0.0251105 -0.0225039 -0.0197922 -0.0170003 -0.0141523 -0.0112714 -0.0083796 -0.0054974 -0.002644 0.0001633 0.0029084 0.0055773 0.0081575 0.0106381 0.01301 0.0152653 0.0173978 0.0194026 0.021276 0.0230151 0.0246184 0.0260848 0.0274141 0.0286064 0.0296625 0.0305833 0.0313697 0.0320229 0.032544 0.0329339 0.0331933 0.0333229 0.0333229 0.0331933 0.0329339 0.032544 0.0320229 0.0313697 0.0305833 0.0296625 0.0286064 0.0274141 0.0260848 0.0246184 0.0230151 0.021276 0.0194026 0.0173978 0.0152653 0.01301 0.0106381 0.0081575 0.0055773 0.0029084 0.0001633 -0.002644 -0.0054974 -0.0083796 -0.0112714 -0.0141523 -0.0170003 -0.0197922 -0.0225039 -0.0251105 -0.0275866 -0.0299067 -0.0320453 -0.0339775 -0.0356792 -0.0371277 -0.0383017 -0.0391822 -0.0397524 -0.0399984 -0.0399096 -0.0394785 -0.0387018 -0.0375799 -0.0361173 -0.0343233 -0.032211 -0.0297983 -0.0271072 -0.0241641 -0.0209991 -0.0176461 -0.0141423 -0.0105278 -0.0068449 -0.003138 0.0005477 0.004166 0.0076712 0.0110181 0.0141634 0.0170658 0.019687 
0.0199151 0.0172828 0.0143568 0.0111765 0.0077846 0.004226 0.0005477 -0.0032024 -0.006976 -0.0107254 -0.0144039 -0.0179667 -0.0213714 -0.0245784 -0.0275518 -0.0302592 -0.0326727 -0.0347687 -0.0365281 -0.0379365 -0.0389844 -0.0396668 -0.0399831 -0.0399371 -0.0395368 -0.0387938 -0.0377231 -0.0363428 -0.0346737 -0.0327386 -0.0305623 -0.028171 -0.0255915 -0.0228515 -0.0199786 -0.0170003 -0.0139433 -0.0108339 -0.0076967 -0.0045553 -0.0014318 0.0016538 0.0046828 0.0076388 0.010507 0.0132746 0.0159309 0.0184666 0.0208745 0.0231488 0.0252854 0.0272813 0.029135 0.0308457 0.0324138 0.0338404 0.0351269 0.0362754 0.0372882 0.0381677 0.0389162 0.0395359 0.0400291 0.0403973 0.040642 0.0407641 0.0407641 0.040642 0.0403973 0.0400291 0.0395359 0.0389162 0.0381677 0.0372882 0.0362754 0.0351269 0.0338404 0.0324138 0.0308457 0.029135 0.0272813 0.0252854 0.0231488 0.0208745 0.0184666 0.0159309 0.0132746 0.010507 0.0076388 0.0046828 0.0016538 -0.0014318 -0.0045553 -0.0076967 -0.0108339 -0.0139433 -0.0170003 -0.0199786 -0.0228515 -0.0255915 -0.028171 -0.0305623 -0.0327386 -0.0346737 -0.0363428 -0.0377231 -0.0387938 -0.0395368 -0.0399371 -0.0399831 -0.0396668 -0.0389844 -0.0379365 -0.0365281 -0.0347687 -0.0326727 -0.0302592 -0.0275518 -0.0245784 -0.0213714 -0.0179667 -0.0144039 -0.0107254 -0.006976 -0.0032024 0.0005477 0.004226 0.0077846 0.0111765 0.0143568 0.0172828 
0.0175831 0.0146446 0.0114392 0.0080106 0.0044056 0.0006727 -0.003138 -0.006976 -0.0107913 -0.0145346 -0.0181587 -0.0216187 -0.0248725 -0.0278818 -0.0306124 -0.0330341 -0.0351218 -0.0368548 -0.0382179 -0.0392006 -0.0397973 -0.0400076 -0.0398353 -0.0392889 -0.038381 -0.0371277 -0.0355484 -0.0336657 -0.0315042 -0.0290907 -0.0264534 -0.0236215 -0.0206248 -0.0174933 -0.0142565 -0.0109435 -0.0075823 -0.0041997 -0.0008208 0.0025309 0.0058338 0.0090684 0.0122173 0.0152653 0.0181993 0.0210083 0.0236835 0.0262179 0.0286064 0.0308457 0.0329339 0.0348704 0.0366562 0.0382928 0.0397828 0.0411294 0.0423363 0.0434074 0.0443466 0.0451581 0.0458456 0.0464126 0.0468622 0.0471971 0.0474192 0.0475299 0.0475299 0.0474192 0.0471971 0.0468622 0.0464126 0.0458456 0.0451581 0.0443466 0.0434074 0.0423363 0.0411294 0.0397828 0.0382928 0.0366562 0.0348704 0.0329339 0.0308457 0.0286064 0.0262179 0.0236835 0.0210083 0.0181993 0.0152653 0.0122173 0.0090684 0.0058338 0.0025309 -0.0008208 -0.0041997 -0.0075823 -0.0109435 -0.0142565 -0.0174933 -0.0206248 -0.0236215 -0.0264534 -0.0290907 -0.0315042 -0.0336657 -0.0355484 -0.0371277 -0.038381 -0.0392889 -0.0398353 -0.0400076 -0.0397973 -0.0392006 -0.0382179 -0.0368548 -0.0351218 -0.0330341 -0.0306124 -0.0278818 -0.0248725 -0.0216187 -0.0181587 -0.0145346 -0.0107913 -0.006976 -0.003138 0.0006727 0.0044056 0.0080106 0.0114392 0.0146446 
0.015024 0.011804 0.0083479 0.0047039 0.0009223 -0.0029448 -0.0068449 -0.0107254 -0.0145346 -0.0182227 -0.021742 -0.0250481 -0.0281002 -0.0308617 -0.0333004 -0.0353891 -0.0371059 -0.038434 -0.0393619 -0.0398837 -0.0399984 -0.0397102 -0.039028 -0.037965 -0.0365385 -0.0347695 -0.032682 -0.0303027 -0.0276604 -0.0247855 -0.0217096 -0.0184649 -0.0150836 -0.0115978 -0.0080389 -0.0044369 -0.0008208 0.0027825 0.0063477 0.009852 0.0132746 0.0165972 0.019804 0.0228814 0.0258185 0.0286064 0.0312388 0.0337112 0.036021 0.0381677 0.040152 0.0419761 0.0436434 0.0451581 0.0465253 0.0477506 0.0488397 0.0497986 0.0506332 0.0513494 0.0519523 0.0524467 0.052837 0.0531266 0.0533181 0.0534134 0.0534134 0.0533181 0.0531266 0.052837 0.0524467 0.0519523 0.0513494 0.0506332 0.0497986 0.0488397 0.0477506 0.0465253 0.0451581 0.0436434 0.0419761 0.040152 0.0381677 0.036021 0.0337112 0.0312388 0.0286064 0.0258185 0.0228814 0.019804 0.0165972 0.0132746 0.009852 0.0063477 0.0027825 -0.0008208 -0.0044369 -0.0080389 -0.0115978 -0.0150836 -0.0184649 -0.0217096 -0.0247855 -0.0276604 -0.0303027 -0.032682 -0.0347695 -0.0365385 -0.037965 -0.039028 -0.0397102 -0.0399984 -0.0398837 -0.0393619 -0.038434 -0.0371059 -0.0353891 -0.0333004 -0.0308617 -0.0281002 -0.0250481 -0.021742 -0.0182227 -0.0145346 -0.0107254 -0.0068449 -0.0029448 0.0009223 0.0047039 0.0083479 0.011804 
0.012268 0.0087942 0.0051194 0.0012956 -0.0026235 -0.0065829 -0.0105278 -0.0144039 -0.0181587 -0.021742 -0.0251065 -0.028209 -0.0310101 -0.0334756 -0.0355762 -0.0372881 -0.0385931 -0.0394785 -0.0399377 -0.0399693 -0.0395774 -0.0387712 -0.0375648 -0.0359765 -0.0340287 -0.0317469 -0.0291599 -0.0262986 -0.0231958 -0.0198855 -0.0164023 -0.0127812 -0.0090568 -0.0052628 -0.0014318 0.0024052 0.0062191 0.0099829 0.0136719 0.0172643 0.0207407 0.0240843 0.0272813 0.0303205 0.0331933 0.0358936 0.0384177 0.0407641 0.0429332 0.0449273 0.0467501 0.0484069 0.0499038 0.0512479 0.0524467 0.0535084 0.0544411 0.0552529 0.0559518 0.0565451 0.0570398 0.057442 0.0577572 0.0579896 0.0581426 0.0582185 0.0582185 0.0581426 0.0579896 0.0577572 0.057442 0.0570398 0.0565451 0.0559518 0.0552529 0.0544411 0.0535084 0.0524467 0.0512479 0.0499038 0.0484069 0.0467501 0.0449273 0.0429332 0.0407641 0.0384177 0.0358936 0.0331933 0.0303205 0.0272813 0.0240843 0.0207407 0.0172643 0.0136719 0.0099829 0.0062191 0.0024052 -0.0014318 -0.0052628 -0.0090568 -0.0127812 -0.0164023 -0.0198855 -0.0231958 -0.0262986 -0.0291599 -0.0317469 -0.0340287 -0.0359765 -0.0375648 -0.0387712 -0.0395774 -0.0399693 -0.0399377 -0.0394785 -0.0385931 -0.0372881 -0.0355762 -0.0334756 -0.0310101 -0.028209 -0.0251065 -0.021742 -0.0181587 -0.0144039 -0.0105278 -0.0065829 -0.0026235 0.0012956 0.0051194 0.0087942 
0.0093466 0.00565 0.001791 -0.0021748 -0.0061903 -0.0101984 -0.0141423 -0.0179667 -0.0216187 -0.0250481 -0.028209 -0.0310594 -0.0335625 -0.0356869 -0.0374066 -0.0387018 -0.0395586 -0.0399692 -0.0399318 -0.0394501 -0.0385338 -0.0371973 -0.0354602 -0.0333459 -0.0308819 -0.0280987 -0.0250295 -0.0217096 -0.0181754 -0.0144644 -0.0106141 -0.0066618 -0.002644 0.0014042 0.0054493 0.0094599 0.013407 0.0172643 0.0210083 0.0246184 0.028077 0.0313697 0.0344849 0.0374143 0.040152 0.042695 0.0450428 0.0471971 0.0491616 0.0509418 0.0525448 0.0539787 0.0552529 0.0563773 0.0573623 0.0582185 0.0589566 0.0595868 0.060119 0.0605626 0.060926 0.0612168 0.0614413 0.061605 0.0617119 0.0617646 0.0617646 0.0617119 0.061605 0.0614413 0.0612168 0.060926 0.0605626 0.060119 0.0595868 0.0589566 0.0582185 0.0573623 0.0563773 0.0552529 0.0539787 0.0525448 0.0509418 0.0491616 0.0471971 0.0450428 0.042695 0.040152 0.0374143 0.0344849 0.0313697 0.028077 0.0246184 0.0210083 0.0172643 0.013407 0.0094599 0.0054493 0.0014042 -0.002644 -0.0066618 -0.0106141 -0.0144644 -0.0181754 -0.0217096 -0.0250295 -0.0280987 -0.0308819 -0.0333459 -0.0354602 -0.0371973 -0.0385338 -0.0394501 -0.0399318 -0.0399692 -0.0395586 -0.0387018 -0.0374066 -0.0356869 -0.0335625 -0.0310594 -0.028209 -0.0250481 -0.0216187 -0.0179667 -0.0141423 -0.0101984 -0.0061903 -0.0021748 0.001791 0.00565 
0.0062926 0.0024065 -0.0015999 -0.0056677 -0.0097373 -0.0137495 -0.0176461 -0.0213714 -0.0248725 -0.0281002 -0.0310101 -0.0335625 -0.0357235 -0.0374649 -0.0387651 -0.0396085 -0.0399861 -0.0398952 -0.0393395 -0.0383283 -0.0368769 -0.0350053 -0.0327386 -0.0301057 -0.0271392 -0.0238744 -0.0203491 -0.0166024 -0.0126745 -0.008606 -0.0044369 -0.0002067 0.0040468 0.0082874 0.0124813 0.0165972 0.0206068 0.0244849 0.0282094 0.0317618 0.0351269 0.0382928 0.0412509 0.0439959 0.0465253 0.0488397 0.0509418 0.052837 0.0545326 0.0560376 0.0573623 0.0585184 0.0595184 0.0603751 0.0611018 0.0617119 0.0622183 0.0626336 0.0629698 0.0632379 0.063448 0.063609 0.0637284 0.0638124 0.0638657 0.0638916 0.0638916 0.0638657 0.0638124 0.0637284 0.063609 0.063448 0.0632379 0.0629698 0.0626336 0.0622183 0.0617119 0.0611018 0.0603751 0.0595184 0.0585184 0.0573623 0.0560376 0.0545326 0.052837 0.0509418 0.0488397 0.0465253 0.0439959 0.0412509 0.0382928 0.0351269 0.0317618 0.0282094 0.0244849 0.0206068 0.0165972 0.0124813 0.0082874 0.0040468 -0.0002067 -0.0044369 -0.008606 -0.0126745 -0.0166024 -0.0203491 -0.0238744 -0.0271392 -0.0301057 -0.0327386 -0.0350053 -0.0368769 -0.0383283 -0.0393395 -0.0398952 -0.0399861 -0.0396085 -0.0387651 -0.0374649 -0.0357235 -0.0335625 -0.0310101 -0.0281002 -0.0248725 -0.0213714 -0.0176461 -0.0137495 -0.0097373 -0.0056677 -0.0015999 0.0024065 
0.0031393 -0.0009008 -0.005016 -0.0091447 -0.0132249 -0.017196 -0.0209991 -0.0245784 -0.0278818 -0.0308617 -0.0334756 -0.0356869 -0.0374649 -0.0387859 -0.0396323 -0.0399939 -0.0398669 -0.0392542 -0.0381652 -0.0366153 -0.0346254 -0.0322216 -0.0294346 -0.0262986 -0.0228515 -0.0191333 -0.0151861 -0.011053 -0.0067774 -0.0024026 0.002029 0.0064764 0.0109007 0.0152653 0.0195364 0.0236835 0.0276794 0.0315005 0.0351269 0.0385425 0.041735 0.0446956 0.0474192 0.0499038 0.0521509 0.0541646 0.0559518 0.0575214 0.0588845 0.060054 0.0610437 0.0618687 0.0625447 0.0630877 0.063514 0.0638393 0.0640793 0.0642487 0.0643613 0.0644301 0.0644666 0.0644809 0.0644817 0.064476 0.0644693 0.064465 0.064465 0.0644693 0.064476 0.0644817 0.0644809 0.0644666 0.0644301 0.0643613 0.0642487 0.0640793 0.0638393 0.063514 0.0630877 0.0625447 0.0618687 0.0610437 0.060054 0.0588845 0.0575214 0.0559518 0.0541646 0.0521509 0.0499038 0.0474192 0.0446956 0.041735 0.0385425 0.0351269 0.0315005 0.0276794 0.0236835 0.0195364 0.0152653 0.0109007 0.0064764 0.002029 -0.0024026 -0.0067774 -0.011053 -0.0151861 -0.0191333 -0.0228515 -0.0262986 -0.0294346 -0.0322216 -0.0346254 -0.0366153 -0.0381652 -0.0392542 -0.0398669 -0.0399939 -0.0396323 -0.0387859 -0.0374649 -0.0356869 -0.0334756 -0.0308617 -0.0278818 -0.0245784 -0.0209991 -0.017196 -0.0132249 -0.0091447 -0.005016 -0.0009008 
-7.98e-05 -0.0042366 -0.0084208 -0.0125682 -0.0166152 -0.0205001 -0.0241641 -0.0275518 -0.0306124 -0.0333004 -0.0355762 -0.0374066 -0.0387651 -0.0396323 -0.0399961 -0.0398515 -0.0392005 -0.0380521 -0.0364218 -0.034331 -0.031807 -0.0288817 -0.0255915 -0.0219762 -0.0180786 -0.0139433 -0.0096167 -0.0051452 -0.0005755 0.0040468 0.0086776 0.0132746 0.0177985 0.0222126 0.026484 0.0305833 0.0344849 0.0381677 0.0416142 0.0448116 0.0477506 0.0504262 0.052837 0.0549853 0.0568763 0.0585184 0.0599226 0.0611018 0.0620712 0.0628474 0.063448 0.0638916 0.0641972 0.0643839 0.0644706 0.064476 0.064418 0.0643133 0.0641778 0.0640259 0.0638707 0.0637235 0.0635939 0.0634898 0.0634171 0.0633798 0.0633798 0.0634171 0.0634898 0.0635939 0.0637235 0.0638707 0.0640259 0.0641778 0.0643133 0.064418 0.064476 0.0644706 0.0643839 0.0641972 0.0638916 0.063448 0.0628474 0.0620712 0.0611018 0.0599226 0.0585184 0.0568763 0.0549853 0.052837 0.0504262 0.0477506 0.0448116 0.0416142 0.0381677 0.0344849 0.0305833 0.026484 0.0222126 0.0177985 0.0132746 0.0086776 0.0040468 -0.0005755 -0.0051452 -0.0096167 -0.0139433 -0.0180786 -0.0219762 -0.0255915 -0.0288817 -0.031807 -0.034331 -0.0364218 -0.0380521 -0.0392005 -0.0398515 -0.0399961 -0.0396323 -0.0387651 -0.0374066 -0.0355762 -0.0333004 -0.0306124 -0.0275518 -0.0241641 -0.0205001 -0.0166152 -0.0125682 -0.0084208 -0.0042366 
-0.0033313 -0.0075665 -0.0117789 -0.0159025 -0.0198726 -0.023627 -0.0271072 -0.0302592 -0.0330341 -0.0353891 -0.0372881 -0.0387018 -0.0396085 -0.0399939 -0.0398515 -0.0391822 -0.0379942 -0.036303 -0.0341303 -0.0315042 -0.0284579 -0.0250295 -0.0212612 -0.017198 -0.0128878 -0.0083796 -0.0037235 0.0010307 0.0058338 0.0106381 0.0153983 0.0200716 0.0246184 0.0290029 0.0331933 0.0371621 0.040886 0.0443466 0.0475299 0.0504262 0.0530304 0.0553415 0.0573623 0.0590994 0.0605626 0.0617646 0.0627206 0.063448 0.063966 0.0642951 0.0644568 0.064473 0.064366 0.064158 0.0638707 0.0635252 0.0631415 0.0627386 0.0623339 0.0619434 0.0615814 0.0612604 0.0609907 0.0607809 0.0606375 0.0605647 0.0605647 0.0606375 0.0607809 0.0609907 0.0612604 0.0615814 0.0619434 0.0623339 0.0627386 0.0631415 0.0635252 0.0638707 0.064158 0.064366 0.064473 0.0644568 0.0642951 0.063966 0.063448 0.0627206 0.0617646 0.0605626 0.0590994 0.0573623 0.0553415 0.0530304 0.0504262 0.0475299 0.0443466 0.040886 0.0371621 0.0331933 0.0290029 0.0246184 0.0200716 0.0153983 0.0106381 0.0058338 0.0010307 -0.0037235 -0.0083796 -0.0128878 -0.017198 -0.0212612 -0.0250295 -0.0284579 -0.0315042 -0.0341303 -0.036303 -0.0379942 -0.0391822 -0.0398515 -0.0399939 -0.0396085 -0.0387018 -0.0372881 -0.0353891 -0.0330341 -0.0302592 -0.0271072 -0.023627 -0.0198726 -0.0159025 -0.0117789 -0.0075665 
-0.0065829 -0.0108571 -0.0150568 -0.0191142 -0.0229641 -0.0265447 -0.0297983 -0.0326727 -0.0351218 -0.0371059 -0.0385931 -0.0395586 -0.0399861 -0.0398669 -0.0392005 -0.0379942 -0.036263 -0.0340287 -0.0313198 -0.028171 -0.0246218 -0.0207163 -0.0165025 -0.0120306 -0.0073531 -0.0025233 0.0024052 0.0073799 0.0123493 0.0172643 0.0220788 0.02675 0.0312388 0.0355108 0.0395359 0.0432891 0.0467501 0.0499038 0.0527399 0.0552529 0.057442 0.0593107 0.0608666 0.0621207 0.0630877 0.0637849 0.0642321 0.064451 0.064465 0.0642985 0.0639768 0.0635252 0.0629692 0.0623339 0.0616435 0.0609215 0.0601898 0.0594692 0.0587788 0.0581357 0.0575553 0.057051 0.0566339 0.0563132 0.0560955 0.0559855 0.0559855 0.0560955 0.0563132 0.0566339 0.057051 0.0575553 0.0581357 0.0587788 0.0594692 0.0601898 0.0609215 0.0616435 0.0623339 0.0629692 0.0635252 0.0639768 0.0642985 0.064465 0.064451 0.0642321 0.0637849 0.0630877 0.0621207 0.0608666 0.0593107 0.057442 0.0552529 0.0527399 0.0499038 0.0467501 0.0432891 0.0395359 0.0355108 0.0312388 0.02675 0.0220788 0.0172643 0.0123493 0.0073799 0.0024052 -0.0025233 -0.0073531 -0.0120306 -0.0165025 -0.0207163 -0.0246218 -0.028171 -0.0313198 -0.0340287 -0.036263 -0.0379942 -0.0392005 -0.0398669 -0.0399861 -0.0395586 -0.0385931 -0.0371059 -0.0351218 -0.0326727 -0.0297983 -0.0265447 -0.0229641 -0.0191142 -0.0150568 -0.0108571 
-0.0098032 -0.0140769 -0.0182227 -0.0221721 -0.0258598 -0.0292248 -0.032211 -0.0347687 -0.0368548 -0.038434 -0.0394785 -0.0399692 -0.0398952 -0.0392542 -0.0380521 -0.036303 -0.0340287 -0.0312579 -0.0280262 -0.0243745 -0.0203491 -0.0159999 -0.0113804 -0.006546 -0.0015536 0.0035398 0.0086776 0.0138045 0.0188677 0.0238171 0.0286064 0.0331933 0.0375402 0.0416142 0.0453881 0.0488397 0.0519523 0.0547147 0.057121 0.0591703 0.0608666 0.0622183 0.0632379 0.0639418 0.0643492 0.0644825 0.064366 0.0640259 0.0634898 0.0627861 0.0619434 0.0609907 0.0599562 0.0588677 0.0577518 0.0566339 0.055538 0.054486 0.0534984 0.0525935 0.0517873 0.0510939 0.050525 0.05009 0.0497961 0.049648 0.049648 0.0497961 0.05009 0.050525 0.0510939 0.0517873 0.0525935 0.0534984 0.054486 0.055538 0.0566339 0.0577518 0.0588677 0.0599562 0.0609907 0.0619434 0.0627861 0.0634898 0.0640259 0.064366 0.0644825 0.0643492 0.0639418 0.0632379 0.0622183 0.0608666 0.0591703 0.057121 0.0547147 0.0519523 0.0488397 0.0453881 0.0416142 0.0375402 0.0331933 0.0286064 0.0238171 0.0188677 0.0138045 0.0086776 0.0035398 -0.0015536 -0.006546 -0.0113804 -0.0159999 -0.0203491 -0.0243745 -0.0280262 -0.0312579 -0.0340287 -0.036303 -0.0380521 -0.0392542 -0.0398952 -0.0399692 -0.0394785 -0.038434 -0.0368548 -0.0347687 -0.032211 -0.0292248 -0.0258598 -0.0221721 -0.0182227 -0.0140769 
-0.0129623 -0.017196 -0.0212475 -0.0250481 -0.0285331 -0.0316427 -0.0343233 -0.0365281 -0.0382179 -0.0393619 -0.0399377 -0.0399318 -0.0393395 -0.0381652 -0.0364218 -0.0341303 -0.0313198 -0.0280262 -0.0242917 -0.0201642 -0.0156962 -0.0109435 -0.005965 -0.0008208 0.0044281 0.0097212 0.0149993 0.0202054 0.0252854 0.0301891 0.0348704 0.0392885 0.0434074 0.0471971 0.0506332 0.0536975 0.0563773 0.0586661 0.0605626 0.0620712 0.0632011 0.063966 0.0643839 0.064476 0.0642672 0.0637844 0.0630567 0.062115 0.0609907 0.059716 0.0583232 0.056844 0.0553096 0.05375 0.0521939 0.0506684 0.0491987 0.0478083 0.0465181 0.0453473 0.0443126 0.0434283 0.0427064 0.0421566 0.041786 0.0415995 0.0415995 0.041786 0.0421566 0.0427064 0.0434283 0.0443126 0.0453473 0.0465181 0.0478083 0.0491987 0.0506684 0.0521939 0.05375 0.0553096 0.056844 0.0583232 0.059716 0.0609907 0.062115 0.0630567 0.0637844 0.0642672 0.064476 0.0643839 0.063966 0.0632011 0.0620712 0.0605626 0.0586661 0.0563773 0.0536975 0.0506332 0.0471971 0.0434074 0.0392885 0.0348704 0.0301891 0.0252854 0.0202054 0.0149993 0.0097212 0.0044281 -0.0008208 -0.005965 -0.0109435 -0.0156962 -0.0201642 -0.0242917 -0.0280262 -0.0313198 -0.0341303 -0.0364218 -0.0381652 -0.0393395 -0.0399318 -0.0399377 -0.0393619 -0.0382179 -0.0365281 -0.0343233 -0.0316427 -0.0285331 -0.0250481 -0.0212475 -0.017196 
-0.0160323 -0.0201869 -0.0241047 -0.0277172 -0.0309607 -0.0337777 -0.0361173 -0.0379365 -0.0392006 -0.0398837 -0.0399693 -0.0394501 -0.0383283 -0.0366153 -0.034331 -0.0315042 -0.028171 -0.0243745 -0.0201642 -0.0155945 -0.010724 -0.0056145 -0.0003297 0.0050656 0.010507 0.0159309 0.021276 0.026484 0.0315005 0.0362754 0.0407641 0.0449273 0.0487318 0.0521509 0.055164 0.0577572 0.0599226 0.0616587 0.0629698 0.0638657 0.0643613 0.064476 0.0642333 0.06366 0.0627861 0.0616435 0.0602662 0.0586892 0.0569479 0.0550781 0.0531153 0.0510939 0.0490474 0.0470079 0.0450056 0.043069 0.0412241 0.0394952 0.0379038 0.0364693 0.0352085 0.0341359 0.0332634 0.0326008 0.032155 0.0319309 0.0319309 0.032155 0.0326008 0.0332634 0.0341359 0.0352085 0.0364693 0.0379038 0.0394952 0.0412241 0.043069 0.0450056 0.0470079 0.0490474 0.0510939 0.0531153 0.0550781 0.0569479 0.0586892 0.0602662 0.0616435 0.0627861 0.06366 0.0642333 0.064476 0.0643613 0.0638657 0.0629698 0.0616587 0.0599226 0.0577572 0.055164 0.0521509 0.0487318 0.0449273 0.0407641 0.0362754 0.0315005 0.026484 0.021276 0.0159309 0.010507 0.0050656 -0.0003297 -0.0056145 -0.010724 -0.0155945 -0.0201642 -0.0243745 -0.028171 -0.0315042 -0.034331 -0.0366153 -0.0383283 -0.0394501 -0.0399693 -0.0398837 -0.0392006 -0.0379365 -0.0361173 -0.0337777 -0.0309607 -0.0277172 -0.0241047 -0.0201869 
-0.0189872 -0.0230247 -0.0267706 -0.0301574 -0.0331233 -0.0356132 -0.0375799 -0.0389844 -0.0397973 -0.0399984 -0.0395774 -0.0385338 -0.0368769 -0.0346254 -0.031807 -0.0284579 -0.0246218 -0.0203491 -0.0156962 -0.010724 -0.0054974 -8.35e-05 0.0054493 0.0110321 0.0165972 0.0220788 0.0274141 0.032544 0.0374143 0.0419761 0.0461864 0.0500088 0.0534134 0.0563773 0.0588845 0.060926 0.0624995 0.063609 0.0642647 0.0644825 0.0642832 0.0636921 0.0627386 0.0614551 0.0598769 0.0580409 0.0559855 0.05375 0.0513736 0.0488953 0.0463533 0.0437844 0.0412241 0.0387059 0.0362611 0.0339189 0.0317061 0.0296468 0.0277627 0.0260731 0.0245944 0.023341 0.0223244 0.0215539 0.0210365 0.0207766 0.0207766 0.0210365 0.0215539 0.0223244 0.023341 0.0245944 0.0260731 0.0277627 0.0296468 0.0317061 0.0339189 0.0362611 0.0387059 0.0412241 0.0437844 0.0463533 0.0488953 0.0513736 0.05375 0.0559855 0.0580409 0.0598769 0.0614551 0.0627386 0.0636921 0.0642832 0.0644825 0.0642647 0.063609 0.0624995 0.060926 0.0588845 0.0563773 0.0534134 0.0500088 0.0461864 0.0419761 0.0374143 0.032544 0.0274141 0.0220788 0.0165972 0.0110321 0.0054493 -8.35e-05 -0.0054974 -0.010724 -0.0156962 -0.0203491 -0.0246218 -0.0284579 -0.031807 -0.0346254 -0.0368769 -0.0385338 -0.0395774 -0.0399984 -0.0397973 -0.0389844 -0.0375799 -0.0356132 -0.0331233 -0.0301574 -0.0267706 -0.0230247 
-0.0218036 -0.025687 -0.0292248 -0.0323507 -0.0350052 -0.0371367 -0.0387018 -0.0396668 -0.0400076 -0.0397102 -0.0387712 -0.0371973 -0.0350053 -0.0322216 -0.0288817 -0.0250295 -0.0207163 -0.0159999 -0.0109435 -0.0056145 -8.35e-05 0.0055773 0.0112951 0.0169974 0.0226139 0.028077 0.0333229 0.0382928 0.0429332 0.0471971 0.0510441 0.0544411 0.0573623 0.0597895 0.0617119 0.063126 0.0640356 0.064451 0.0643886 0.0638707 0.0629245 0.0615814 0.0598769 0.0578489 0.055538 0.052986 0.0502358 0.0473304 0.0443126 0.0412241 0.0381055 0.0349955 0.0319309 0.0289461 0.0260731 0.023341 0.0207766 0.0184037 0.0162434 0.0143144 0.0126323 0.0112107 0.0100606 0.0091905 0.008607 0.0083141 0.0083141 0.008607 0.0091905 0.0100606 0.0112107 0.0126323 0.0143144 0.0162434 0.0184037 0.0207766 0.023341 0.0260731 0.0289461 0.0319309 0.0349955 0.0381055 0.0412241 0.0443126 0.0473304 0.0502358 0.052986 0.055538 0.0578489 0.0598769 0.0615814 0.0629245 0.0638707 0.0643886 0.064451 0.0640356 0.063126 0.0617119 0.0597895 0.0573623 0.0544411 0.0510441 0.0471971 0.0429332 0.0382928 0.0333229 0.028077 0.0226139 0.0169974 0.0112951 0.0055773 -8.35e-05 -0.0056145 -0.0109435 -0.0159999 -0.0207163 -0.0250295 -0.0288817 -0.0322216 -0.0350053 -0.0371973 -0.0387712 -0.0397102 -0.0400076 -0.0396668 -0.0387018 -0.0371367 -0.0350052 -0.0323507 -0.0292248 -0.025687 
-0.0244604 -0.0281546 -0.0314499 -0.034282 -0.0365946 -0.0383396 -0.0394785 -0.0399831 -0.0398353 -0.039028 -0.0375648 -0.0354602 -0.0327386 -0.0294346 -0.0255915 -0.0212612 -0.0165025 -0.0113804 -0.005965 -0.0003297 0.0054493 0.0112951 0.0171309 0.0228814 0.0284742 0.0338404 0.0389162 0.0436434 0.0479703 0.0518525 0.0552529 0.0581426 0.0605005 0.0623139 0.0635778 0.0642951 0.064476 0.0641376 0.063303 0.0620013 0.0602662 0.0581357 0.055651 0.0528559 0.0497961 0.0465181 0.043069 0.0394952 0.0358425 0.032155 0.0284751 0.0248428 0.0212956 0.0178681 0.0145921 0.0114965 0.008607 0.0059464 0.0035348 0.0013894 -0.0004751 -0.0020466 -0.0033153 -0.0042733 -0.0049151 -0.0052369 -0.0052369 -0.0049151 -0.0042733 -0.0033153 -0.0020466 -0.0004751 0.0013894 0.0035348 0.0059464 0.008607 0.0114965 0.0145921 0.0178681 0.0212956 0.0248428 0.0284751 0.032155 0.0358425 0.0394952 0.043069 0.0465181 0.0497961 0.0528559 0.055651 0.0581357 0.0602662 0.0620013 0.063303 0.0641376 0.064476 0.0642951 0.0635778 0.0623139 0.0605005 0.0581426 0.0552529 0.0518525 0.0479703 0.0436434 0.0389162 0.0338404 0.0284742 0.0228814 0.0171309 0.0112951 0.0054493 -0.0003297 -0.005965 -0.0113804 -0.0165025 -0.0212612 -0.0255915 -0.0294346 -0.0327386 -0.0354602 -0.0375648 -0.039028 -0.0398353 -0.0399831 -0.0394785 -0.0383396 -0.0365946 -0.034282 -0.0314499 -0.0281546 
-0.0269393 -0.0304111 -0.033432 -0.0359404 -0.0378833 -0.0392175 -0.0399096 -0.0399371 -0.0392889 -0.037965 -0.0359765 -0.0333459 -0.0301057 -0.0262986 -0.0219762 -0.017198 -0.0120306 -0.006546 -0.0008208 0.0050656 0.0110321 0.0169974 0.0228814 0.0286064 0.0340985 0.0392885 0.044113 0.0485155 0.0524467 0.0558656 0.0587393 0.0610437 0.0627634 0.0638916 0.0644301 0.0643886 0.0637844 0.0626415 0.0609907 0.0588677 0.0563132 0.0533715 0.05009 0.0465181 0.0427064 0.0387059 0.0345673 0.0303403 0.0260731 0.0218115 0.0175992 0.0134766 0.0094813 0.0056473 0.0020057 -0.0014161 -0.0045939 -0.0075065 -0.0101359 -0.0124666 -0.014486 -0.0161836 -0.017551 -0.0185819 -0.0192716 -0.0196172 -0.0196172 -0.0192716 -0.0185819 -0.017551 -0.0161836 -0.014486 -0.0124666 -0.0101359 -0.0075065 -0.0045939 -0.0014161 0.0020057 0.0056473 0.0094813 0.0134766 0.0175992 0.0218115 0.0260731 0.0303403 0.0345673 0.0387059 0.0427064 0.0465181 0.05009 0.0533715 0.0563132 0.0588677 0.0609907 0.0626415 0.0637844 0.0643886 0.0644301 0.0638916 0.0627634 0.0610437 0.0587393 0.0558656 0.0524467 0.0485155 0.044113 0.0392885 0.0340985 0.0286064 0.0228814 0.0169974 0.0110321 0.0050656 -0.0008208 -0.006546 -0.0120306 -0.017198 -0.0219762 -0.0262986 -0.0301057 -0.0333459 -0.0359765 -0.037965 -0.0392889 -0.0399371 -0.0399096 -0.0392175 -0.0378833 -0.0359404 -0.033432 -0.0304111 
-0.0292248 -0.0324432 -0.0351603 -0.0373179 -0.0388673 -0.0397699 -0.0399984 -0.0395368 -0.038381 -0.0365385 -0.0340287 -0.0308819 -0.0271392 -0.0228515 -0.0180786 -0.0128878 -0.0073531 -0.0015536 0.0044281 0.010507 0.0165972 0.0226139 0.0284742 0.0340985 0.0394123 0.0443466 0.0488397 0.052837 0.0562929 0.0591703 0.0614413 0.0630877 0.0641003 0.0644792 0.0642333 0.0633798 0.0619434 0.0599562 0.057456 0.054486 0.0510939 0.0473304 0.043249 0.0389044 0.034352 0.0296468 0.0248428 0.0199924 0.0151455 0.0103492 0.0056473 0.0010803 -0.0033153 -0.0075065 -0.0114644 -0.0151634 -0.0185819 -0.0217011 -0.0245056 -0.0269828 -0.0291223 -0.030916 -0.0323577 -0.0334427 -0.0341678 -0.0345308 -0.0345308 -0.0341678 -0.0334427 -0.0323577 -0.030916 -0.0291223 -0.0269828 -0.0245056 -0.0217011 -0.0185819 -0.0151634 -0.0114644 -0.0075065 -0.0033153 0.0010803 0.0056473 0.0103492 0.0151455 0.0199924 0.0248428 0.0296468 0.034352 0.0389044 0.043249 0.0473304 0.0510939 0.054486 0.057456 0.0599562 0.0619434 0.0633798 0.0642333 0.0644792 0.0641003 0.0630877 0.0614413 0.0591703 0.0562929 0.052837 0.0488397 0.0443466 0.0394123 0.0340985 0.0284742 0.0226139 0.0165972 0.010507 0.0044281 -0.0015536 -0.0073531 -0.0128878 -0.0180786 -0.0228515 -0.0271392 -0.0308819 -0.0340287 -0.0365385 -0.038381 -0.0395368 -0.0399984 -0.0397699 -0.0388673 -0.0373179 -0.0351603 -0.0324432 
-0.0313042 -0.0342407 -0.0366276 -0.0384106 -0.0395457 -0.04 -0.0397524 -0.0387938 -0.0371277 -0.0347695 -0.0317469 -0.0280987 -0.0238744 -0.0191333 -0.0139433 -0.0083796 -0.0025233 0.0035398 0.0097212 0.0159309 0.0220788 0.028077 0.0338404 0.0392885 0.0443466 0.0489472 0.0530304 0.0565451 0.0594496 0.0617119 0.06331 0.0642321 0.064476 0.0640495 0.0629692 0.0612604 0.0589558 0.0560955 0.0527251 0.0488953 0.0446607 0.0400787 0.0352085 0.0301099 0.0248428 0.0194659 0.0140358 0.008607 0.0032303 -0.0020466 -0.0071805 -0.012132 -0.0168662 -0.0213526 -0.0255647 -0.0294802 -0.0330807 -0.0363509 -0.039279 -0.0418554 -0.0440733 -0.0459274 -0.0474141 -0.0485309 -0.0492762 -0.049649 -0.049649 -0.0492762 -0.0485309 -0.0474141 -0.0459274 -0.0440733 -0.0418554 -0.039279 -0.0363509 -0.0330807 -0.0294802 -0.0255647 -0.0213526 -0.0168662 -0.012132 -0.0071805 -0.0020466 0.0032303 0.008607 0.0140358 0.0194659 0.0248428 0.0301099 0.0352085 0.0400787 0.0446607 0.0488953 0.0527251 0.0560955 0.0589558 0.0612604 0.0629692 0.0640495 0.064476 0.0642321 0.06331 0.0617119 0.0594496 0.0565451 0.0530304 0.0489472 0.0443466 0.0392885 0.0338404 0.028077 0.0220788 0.0159309 0.0097212 0.0035398 -0.0025233 -0.0083796 -0.0139433 -0.0191333 -0.0238744 -0.0280987 -0.0317469 -0.0347695 -0.0371277 -0.0387938 -0.0397524 -0.04 -0.0395457 -0.0384106 -0.0366276 -0.0342407 
-0.0331678 -0.0357963 -0.0378295 -0.0392175 -0.0399214 -0.0399144 -0.0391822 -0.0377231 -0.0355484 -0.032682 -0.0291599 -0.0250295 -0.0203491 -0.0151861 -0.0096167 -0.0037235 0.0024052 0.0086776 0.0149993 0.021276 0.0274141 0.0333229 0.0389162 0.044113 0.0488397 0.0530304 0.0566284 0.0595868 0.0618687 0.063448 0.0643095 0.0644485 0.0638707 0.062592 0.0606375 0.0580409 0.0548436 0.0510939 0.0468454 0.0421566 0.0370889 0.0317061 0.0260731 0.0202546 0.0143144 0.0083141 0.0023129 -0.003634 -0.0094751 -0.0151634 -0.020657 -0.0259186 -0.030916 -0.0356219 -0.0400138 -0.0440733 -0.0477862 -0.0511418 -0.0541324 -0.0567529 -0.0590003 -0.0608731 -0.0623706 -0.0634932 -0.0642411 -0.064615 -0.064615 -0.0642411 -0.0634932 -0.0623706 -0.0608731 -0.0590003 -0.0567529 -0.0541324 -0.0511418 -0.0477862 -0.0440733 -0.0400138 -0.0356219 -0.030916 -0.0259186 -0.020657 -0.0151634 -0.0094751 -0.003634 0.0023129 0.0083141 0.0143144 0.0202546 0.0260731 0.0317061 0.0370889 0.0421566 0.0468454 0.0510939 0.0548436 0.0580409 0.0606375 0.062592 0.0638707 0.0644485 0.0643095 0.063448 0.0618687 0.0595868 0.0566284 0.0530304 0.0488397 0.044113 0.0389162 0.0333229 0.0274141 0.021276 0.0149993 0.0086776 0.0024052 -0.0037235 -0.0096167 -0.0151861 -0.0203491 -0.0250295 -0.0291599 -0.032682 -0.0355484 -0.0377231 -0.0391822 -0.0399144 -0.0399214 -0.0392175 -0.0378295 -0.0357963 
-0.0348084 -0.0371059 -0.0387651 -0.0397409 -0.0400002 -0.0395229 -0.0383017 -0.0363428 -0.0336657 -0.0303027 -0.0262986 -0.0217096 -0.0166024 -0.011053 -0.0051452 0.0010307 0.0073799 0.0138045 0.0202054 0.026484 0.032544 0.0382928 0.0436434 0.0485155 0.052837 0.0565451 0.0595868 0.06192 0.063514 0.0643492 0.064418 0.0637235 0.0622802 0.0601127 0.057255 0.05375 0.049648 0.0450056 0.039885 0.034352 0.0284751 0.0223244 0.0159701 0.0094813 0.0029252 -0.003634 -0.0101359 -0.0165246 -0.0227494 -0.0287647 -0.0345308 -0.0400138 -0.0451852 -0.050022 -0.0545066 -0.0586258 -0.0623706 -0.0657359 -0.0687192 -0.0713206 -0.0735418 -0.0753856 -0.0768551 -0.0779539 -0.0786846 -0.0790494 -0.0790494 -0.0786846 -0.0779539 -0.0768551 -0.0753856 -0.0735418 -0.0713206 -0.0687192 -0.0657359 -0.0623706 -0.0586258 -0.0545066 -0.050022 -0.0451852 -0.0400138 -0.0345308 -0.0287647 -0.0227494 -0.0165246 -0.0101359 -0.003634 0.0029252 0.0094813 0.0159701 0.0223244 0.0284751 0.034352 0.039885 0.0450056 0.049648 0.05375 0.057255 0.0601127 0.0622802 0.0637235 0.064418 0.0643492 0.063514 0.06192 0.0595868 0.0565451 0.052837 0.0485155 0.0436434 0.0382928 0.032544 0.026484 0.0202054 0.0138045 0.0073799 0.0010307 -0.0051452 -0.011053 -0.0166024 -0.0217096 -0.0262986 -0.0303027 -0.0336657 -0.0363428 -0.0383017 -0.0395229 -0.0400002 -0.0397409 -0.0387651 -0.0371059 
-0.0362219 -0.0381682 -0.0394361 -0.0399861 -0.0397912 -0.0388383 -0.0371277 -0.0346737 -0.0315042 -0.0276604 -0.0231958 -0.0181754 -0.0126745 -0.0067774 -0.0005755 0.0058338 0.0123493 0.0188677 0.0252854 0.0315005 0.0374143 0.0429332 0.0479703 0.0524467 0.0562929 0.0594496 0.0618687 0.063514 0.0643613 0.064399 0.0636273 0.0620585 0.059716 0.0566339 0.0528559 0.0484342 0.0434283 0.0379038 0.0319309 0.0255833 0.0189363 0.0120658 0.0050472 -0.0020466 -0.0091455 -0.0161836 -0.0230997 -0.0298386 -0.0363509 -0.0425938 -0.0485309 -0.0541324 -0.0593749 -0.0642411 -0.0687192 -0.0728024 -0.0764882 -0.0797778 -0.0826753 -0.0851865 -0.087319 -0.0890804 -0.0904786 -0.0915205 -0.0922117 -0.0925563 -0.0925563 -0.0922117 -0.0915205 -0.0904786 -0.0890804 -0.087319 -0.0851865 -0.0826753 -0.0797778 -0.0764882 -0.0728024 -0.0687192 -0.0642411 -0.0593749 -0.0541324 -0.0485309 -0.0425938 -0.0363509 -0.0298386 -0.0230997 -0.0161836 -0.0091455 -0.0020466 0.0050472 0.0120658 0.0189363 0.0255833 0.0319309 0.0379038 0.0434283 0.0484342 0.0528559 0.0566339 0.059716 0.0620585 0.0636273 0.064399 0.0643613 0.063514 0.0618687 0.0594496 0.0562929 0.0524467 0.0479703 0.0429332 0.0374143 0.0315005 0.0252854 0.0188677 0.0123493 0.0058338 -0.0005755 -0.0067774 -0.0126745 -0.0181754 -0.0231958 -0.0276604 -0.0315042 -0.0346737 -0.0371277 -0.0388383 -0.0397912 -0.0399861 -0.0394361 -0.0381682 
